131
15 0
3 6  7  8  9 10 11 12
2 2  6 12
5 8  3  6  7  8 10 12 13 14
4 5  1  6  8 11 12
3 6  1  3  6  8 10 11
0 3  1 11 13
2 7  1  3  5  8 12 13 14
6 4 1 3 5 8
4 2  1 11
5 8  0  2  3  6  7 12 13 14
3 12  2  3  4  5  6  7  8  9 11 12 13 14
2 1 1
3 7  0  3  7 10 11 13 14
6 4 1 3 4 9
2 8  0  2  3  6 10 11 12 13
22 0
0 6  6  9 12 14 15 16
4 8  0  2  3  6 11 14 15 19
5 7  0  4  7  8 11 15 21
0 16  0  2  5  6  7  8  9 10 12 13 15 16 17 18 19 21
6 7  0 12 15 17 18 19 21
1 6  0  4  8 15 19 21
1 7  0  2 12 15 16 19 21
0 14  0  1  2  3  5  6  9 10 15 16 17 18 19 21
5 10  1  3  5  6 12 14 15 16 18 20
2 13  0  1  2  3  4  7 11 12 14 15 18 19 20
0 14  0  2  3  5  7  8 11 12 15 16 17 18 20 21
4 8  0  2  7 14 15 16 17 19
3 10  0  1  5  7  9 13 15 16 18 20
5 16  0  2  3  5  7  8  9 10 12 14 15 16 17 18 19 20
5 10  0  1  3  4  5 10 11 15 17 20
4 2 12 17
3 2 15 17
0 17  1  2  3  6  7  8 10 11 12 13 14 15 16 18 19 20 21
2 14  0  1  2  3  4  5  7  8  9 10 13 15 16 19
1 4  0  9 14 16
4 10  0  2  4  8  9 12 14 15 16 17
1 17  0  1  2  3  4  5  7  8 11 12 13 14 15 16 18 19 20
24 0
4 9  2  3  6  7 13 15 18 21 22
1 5  6  9 14 15 17
2 15  3  4  6  8  9 12 13 14 15 17 18 19 20 21 22
2 8  6 11 12 13 15 17 21 22
6 12  0  1  3  6  7  8  9 12 15 16 17 21
3 13  3  6  9 12 13 14 15 16 17 18 20 22 23
1 1 7
1 6  3 12 15 18 21 22
6 10  0  2  7 13 15 16 18 19 21 23
0 13  0  1  2  5  6 10 12 14 16 17 18 21 23
1 8  1  3 13 15 17 18 19 22
3 13  0  5  6  8 12 14 15 17 18 19 20 21 22
5 9  2  3  6  9 10 13 16 17 18
6 11  2  3  4  7 12 14 15 16 17 20 22
3 13  0  1  2  4  5  7  9 12 13 15 16 17 22
1 1 6
3 15  2  3  4  6  7  9 10 13 14 17 18 20 21 22 23
5 12  2  3  6  7  8 11 13 15 18 19 20 23
4 4  3  6  7 15
4 6  2  3 12 15 18 22
4 13  0  2  3  6  7  8 10 13 15 16 17 18 22
1 7  2  3  6  9 12 13 18
4 8  0  1  3  7 12 15 16 17
2 16  0  2  3  4  5  6  9 11 12 14 16 17 18 19 21 22
20 1
6 13  1  3  4  5  6  7  8  9 10 12 13 15 19
4 16  0  2  3  4  6  8  9 10 11 13 14 15 16 17 18 19
6 10  0  1  3  4  8  9 12 13 16 17
0 14  0  1  2  4  5  6  8  9 11 12 13 14 15 17
2 10  0  1  2  3  8  9 10 16 18 19
6 10  1  6  7  8  9 12 13 14 15 16
3 8  0  1  3 11 14 15 16 18
0 0 []
6 13  0  4  5  6 10 11 12 13 14 15 16 17 18
3 9  4  6  7 10 12 13 16 17 19
2 8  1  2  4  6 12 14 17 18
3 6  0  2  3 10 15 18
6 6  2  5  6  7  9 10
4 9  4  5  8  9 10 11 12 15 17
5 2 11 19
1 12  0  1  3  4  5  6  8 10 11 16 17 19
4 7  1  5  6 13 15 18 19
6 13  1  2  4  5  6  7  8  9 10 11 14 18 19
4 8  0  2  3  5 13 16 17 19
0 4  7 10 12 14
20 1
0 3 1 5 6
0 8  2  3  4  7 11 14 15 17
2 2 0 6
4 7  4  6  7  9 12 14 16
3 8  0  1  3 14 15 16 17 19
1 9  0  3  4 10 12 14 15 16 19
2 6  0  5  8  9 13 19
5 7  3  6 10 11 12 14 16
4 5 10 12 13 17 18
4 10  2  4  6 11 12 14 15 16 18 19
2 6  1  2  5  6  8 14
2 9  0  2  4  5  8  9 15 17 18
4 12  0  1  2  3  6  8  9 10 11 13 15 19
3 8  2  3  7  8  9 12 17 18
2 10  0  1  2  3  5  7  8 11 18 19
1 16  0  3  4  5  6  7  8 10 11 12 13 14 16 17 18 19
1 13  1  2  4  5  6  8  9 11 12 13 17 18 19
1 10  1  3  4  5  7  8 10 11 13 18
5 10  1  2  3  7  8  9 11 13 17 19
6 10  4  5  7  9 13 14 15 16 17 18
22 1
5 11  2  3  5  6  9 10 13 14 19 20 21
2 16  0  3  4  6  8 10 11 12 13 14 16 17 18 19 20 21
3 4  3 15 16 21
5 7  0  4  7 11 13 14 18
1 13  0  1  3  5  7 10 11 12 14 15 16 18 20
0 3  8 17 21
6 17  1  2  3  4  5  7  8  9 10 11 12 13 15 16 17 19 20
0 8  0  1  2  5 13 16 18 19
3 9  0  1  2 12 13 14 18 19 21
3 7  4  6  8 12 14 16 20
6 9  4  6  7  8 13 16 17 19 20
4 17  0  1  3  4  6  7  8  9 10 12 14 15 16 17 18 19 20
3 9  0  3  6  8  9 10 11 18 20
3 11  1  2  5 10 11 12 14 15 16 17 20
6 8  4  5  9 10 13 17 19 21
3 5  1  2  5  7 17
5 14  0  1  2  3  4  6  7  8  9 10 12 17 18 20
0 13  1  3  6  7  8  9 10 11 12 13 15 18 20
1 16  0  1  3  4  6  7  9 10 11 12 13 14 16 19 20 21
5 6  1  2  5  9 13 15
3 13  1  2  4  6  7  8  9 11 13 15 16 17 18
3 3  0 11 12
14 0
3 0 []
3 7  0  5  7  8  9 12 13
2 3  0  3 12
1 4  2  6 10 11
1 4  0  8  9 12
0 11  0  1  2  6  7  8  9 10 11 12 13
4 2 0 2
0 8  0  1  2  5  6  9 10 11
3 4  1  2  5 10
4 5  0  2  3  7 10
6 8  0  1  2  6  7  8 11 13
5 6  1  3  4  7 10 12
1 3 0 1 4
2 7  1  3  4  7  8 10 12
11 1
6 3 2 5 7
0 2 2 6
6 4 0 7 8 9
6 6 1 2 4 5 7 9
2 3  0  2 10
2 5 1 4 6 8 9
6 2 3 7
1 9  0  1  2  3  4  5  6  9 10
0 2  3 10
3 6  0  4  5  7  8 10
3 6 1 3 5 6 7 8
13 0
4 1 3
0 5  0  3  8  9 11
0 7  0  1  3  4  6  9 11
6 2  0 10
5 5 0 2 3 6 7
3 6  0  1  7 10 11 12
0 4 0 4 5 9
0 7  0  2  3  8  9 10 11
2 4  1  3  5 12
3 3 3 4 5
2 7  1  2  6  7  8 11 12
0 3 0 3 4
2 7  2  3  4  5  7  8 10
16 1
1 10  1  2  3  4  5  6  7  9 10 15
0 6  4  5  7  9 10 13
2 4  1  5  6 13
5 7  0  2  6  9 10 12 14
3 7  2  7  8 11 12 13 15
2 10  0  1  2  7  8  9 11 13 14 15
1 11  0  1  3  4  5  7 10 11 12 14 15
2 5  1  5  8 13 14
5 4  0  6  9 10
1 8  0  3  4  5  6 10 11 15
1 11  0  1  3  5  6  7  8 11 13 14 15
4 7  3  5  6 10 13 14 15
2 2 11 13
1 9  0  1  2  3  4  7  9 11 12
0 4 4 6 7 8
5 5  0  3  9 10 12
27 0
5 16  1  2  3  5  7  8  9 11 12 14 18 19 20 22 23 24
0 15  2  3  5  8  9 10 11 12 13 15 16 17 18 20 24
2 7  8 11 12 14 19 20 26
0 10  2  5  6  7 13 15 17 18 22 24
6 11  0  3  5  8 13 16 19 20 22 23 25
5 2 2 3
5 16  0  1  2  7  9 10 11 13 16 18 19 20 22 23 25 26
5 9  2  8 11 14 16 17 18 23 25
3 9  1  2  3 10 18 20 21 23 25
0 17  1  3  5  8 10 12 13 14 15 16 18 20 22 23 24 25 26
2 11  3  4  5  6  7  8  9 11 13 18 20
3 5  2  3  5  9 20
3 14  0  1  3  4  5  9 10 13 14 17 23 24 25 26
4 7  2  5  6  8 18 23 25
6 12  2  4  5  7  8  9 18 19 20 21 22 23
4 13  0  1  2  3  7  9 16 18 20 21 23 24 25
3 16  0  1  2  3  5  6  7  8  9 12 17 20 21 22 23 25
2 18  0  1  2  4  5  7  8  9 10 13 18 19 20 21 22 23 24 25
5 8  1  2  3  5  8 20 21 23
2 13  1  2  3  4  5  8  9 14 15 16 24 25 26
5 8  0  4  5  9 13 18 23 25
1 7  1  5  8  9 18 19 25
2 15  0  2  3  5  8  9 10 11 12 14 18 19 21 25 26
1 5  2  3  5 13 20
0 17  0  1  5  7  8 11 12 13 15 16 18 19 20 21 22 23 26
4 6  3  5  8 13 18 20
2 14  1  2  3  4  5  7  9 13 16 18 20 22 23 24
25 1
0 10  3  6  7  8 11 12 13 14 16 22
2 12  0  3  8 12 13 14 15 16 17 22 23 24
5 13  6  7  8 10 12 14 15 17 19 21 22 23 24
5 6  6  8  9 10 23 24
3 15  0  1  2  5  6  7  8 10 15 16 17 19 21 22 23
6 8  2  4  8 13 15 19 22 24
1 13  0  1  2  4  5  7  9 13 15 16 20 21 24
2 12  1  2  3  4  5 11 13 16 17 19 21 23
6 16  2  4  7 10 11 12 13 14 15 16 17 18 19 21 22 24
4 12  0  1  2  5  7  8 12 13 14 17 22 23
0 14  0  2  3  5  6  8  9 14 15 16 17 18 19 22
3 6  2  4 13 14 15 20
5 10  0  2  5  9 10 13 15 18 19 22
0 11  0  1  3  6  8 10 11 12 15 16 20
4 9  5  6 16 17 18 19 22 23 24
1 13  2  3  5  6  7 10 16 17 19 21 22 23 24
5 17  0  1  2  3  6  8  9 10 11 13 15 17 18 19 21 22 23
6 15  0  1  2  3  4  6  8 11 12 14 16 20 21 23 24
2 11  0  1  4  6  8  9 11 19 20 22 24
2 12  2  3  6  7 10 11 14 16 18 22 23 24
3 14  1  3  4  5  8  9 10 12 14 15 17 18 19 24
2 11  0  6  7  8 10 11 12 13 15 20 24
1 10  0  1  3  5  7 16 17 18 21 24
0 15  0  3  7  8  9 11 12 14 15 16 18 19 21 22 24
4 14  2  4  5  6  7  8 10 11 14 15 18 20 21 23
13 1
3 9  1  2  4  5  6  8  9 10 11
2 4  6  7  9 11
5 8  0  1  3  5  7  9 10 12
2 4  1  5  7 10
5 3  3 10 12
4 4  4  6  9 11
1 10  0  1  2  3  4  7  8  9 11 12
6 6  0  1  4  6 10 12
5 2 1 4
3 5  0  2  6  8 12
0 1 3
1 9  0  2  3  5  6  7  8  9 12
6 7  0  2  5  7  8  9 11
17 0
0 8  2  5  6  7  9 12 13 16
2 6  2  3  6  9 10 11
2 10  0  1  3  4  5  8  9 12 15 16
2 5  1  8  9 10 14
5 7  1  3  9 10 13 14 15
4 5  1  6  9 10 15
4 4  0  9 10 11
3 11  0  1  3  4  5  8 10 11 13 15 16
6 6  4  5  6  9 10 12
1 1 15
4 3  9 11 15
2 3  4  9 10
0 7  0  5  6  9 10 11 15
6 6  0  5  6  7  8 11
3 9  0  1  2  3  4  6  7  8 13
2 4  0 10 11 16
6 4  1  9 10 15
26 1
6 12  2  4  5  6  9 10 12 15 17 19 24 25
0 12  0  2  3  4  5  7  9 10 13 14 20 22
3 13  5 10 11 12 13 14 15 16 18 19 21 23 24
6 15  0  4  5  6  8  9 10 11 12 13 14 18 19 22 25
3 14  0  2  3  5 10 12 13 14 15 17 20 22 24 25
4 14  1  2  6  7  9 10 12 13 14 15 19 21 22 25
5 16  0  2  3  5  7 10 11 12 13 14 17 18 20 21 24 25
2 15  2  3  5  6  8 11 12 14 15 17 18 19 21 22 24
2 16  0  1  7  9 10 12 13 14 15 16 17 19 20 22 23 24
5 6  3  5  6  8 15 23
5 12  0  4  5  6  7  8  9 14 15 19 23 24
5 15  1  3  5  7 10 12 13 14 15 16 18 20 21 23 24
0 9  8 10 11 13 14 15 16 18 23
1 13  1  2  5  6  7  9 10 15 17 19 20 22 24
0 7  2  4  5 15 18 20 24
2 9  6  7  8  9 13 18 20 22 24
6 13  0  1  5  6  9 10 14 17 18 19 22 23 25
2 13  0  1  2  4  6  7  8  9 15 18 20 21 23
4 14  0  1  2  3  4  5  7 11 13 19 20 23 24 25
1 16  1  2  5  7  9 10 11 13 14 15 17 18 20 21 22 23
4 12  1  4  5  6  7  8  9 10 11 12 19 25
5 18  0  1  2  4  5  6  9 11 12 13 14 15 18 19 20 23 24 25
3 11  2  4  5  7 10 11 13 17 20 23 25
1 14  0  2  3  4  5  9 11 12 13 14 16 17 22 25
0 13  3  6  8  9 10 11 14 16 17 18 20 21 22
3 14  0  1  2  5  6  7  8 10 11 16 17 19 20 21
10 0
0 4 2 6 7 9
2 4 0 2 3 5
2 3 1 4 7
3 4 0 4 6 7
0 4 2 6 7 9
5 2 4 7
4 2 4 7
2 5 2 3 4 6 8
3 3 5 6 7
2 2 2 6
10 0
1 3 2 4 9
6 2 4 9
2 2 5 9
4 3 1 4 9
3 2 5 9
1 4 0 4 6 9
3 5 1 3 4 7 8
3 8 0 2 3 4 5 6 8 9
2 9 0 1 2 3 4 5 6 7 9
1 0 []
26 1
4 16  1  2  3  8 11 12 14 16 17 18 19 21 22 23 24 25
5 12  0  2  7  9 11 16 19 21 22 23 24 25
1 15  3  4  8  9 10 11 15 16 18 19 20 21 22 23 25
4 18  0  2  5  6  7  8  9 10 14 15 16 17 18 20 21 23 24 25
6 7  3  9 15 16 19 22 24
6 12  1  7  9 10 12 17 19 20 21 22 24 25
5 14  1  3  5  7  8 11 12 13 14 16 19 20 22 23
4 20  0  2  3  4  5  6  8  9 10 11 12 13 15 18 19 20 21 22 23 24
3 9  0  2  3  6  7 11 17 21 23
6 15  0  1  4  5  6  8 10 11 12 15 17 18 23 24 25
2 15  0  1  3  4  5  9 12 16 17 18 19 20 21 23 24
6 16  0  1  2  4  5  8  9 10 14 15 19 20 21 22 24 25
6 12  0  1  2  3  7  8 10 13 14 19 23 24
0 13  0  1  4  5  7  9 10 11 12 18 19 23 25
0 12  1  3  6  7  9 10 12 15 17 18 20 23
1 12  3  4  6  7  8  9 10 12 13 16 17 21
6 15  1  3  4  5  6  9 12 13 14 15 17 22 23 24 25
0 12  0  1  4  7  9 10 14 15 16 18 24 25
6 8  2  4  6  8 10 15 21 23
3 15  1  2  3  5  6  9 11 13 14 15 18 20 22 23 24
5 10  0  4  6  7  9 12 13 14 19 21
0 10  0  1  2  5  8 17 19 20 22 23
3 17  0  1  2  3  4  7 10 12 13 14 15 16 17 18 19 24 25
6 14  0  1  3  4  6  8 12 13 18 19 20 21 24 25
5 16  1  4  7  9 11 12 13 14 15 16 17 18 19 20 21 23
6 11  0  1  2  3  4  6  9 14 20 22 23
20 0
6 7  1  4  9 10 13 17 19
3 13  0  3  5  6  7 10 11 12 13 15 16 17 18
1 1 8
5 9  2  6  7  8 11 12 14 15 16
6 9  2  7  8 10 11 12 14 16 17
3 7  1  3  7 10 16 17 19
6 9  2  3  8 11 12 13 14 17 18
0 10  1  2  3  4  8 13 14 15 16 17
4 2  2 16
3 9  2  3  7 11 12 15 16 17 19
0 12  2  3  4  5  6  8 11 13 15 16 17 19
2 7  2  3  4  7  8  9 15
3 7  4  7 11 13 16 17 19
5 8  1  2  7  9 16 17 18 19
5 4  2  6 13 16
1 7  1  2  5  9 11 14 16
2 3 2 6 8
6 11  0  1  2  4  5  6  7 10 12 14 16
6 14  1  2  3  5  6  7  8 11 12 13 14 15 16 19
5 10  0  1  2  4  5  7  9 11 16 17
27 0
3 9  4  9 12 14 17 18 20 23 26
2 15  3  5  6  7  9 11 12 13 16 17 19 20 21 22 23
6 13  0  3  5  7  9 10 17 18 21 23 24 25 26
3 8  6  7  9 11 12 14 19 23
5 16  5  7  8  9 10 11 12 13 16 17 18 19 22 24 25 26
5 13  0  3  7  9 10 11 12 15 17 19 21 22 23
2 18  1  2  3  5  7  8 10 11 12 15 16 17 18 19 21 24 25 26
2 14  1  5  6  8  9 11 14 16 17 18 19 20 23 26
6 12  0  6  7  9 11 12 14 16 17 19 20 22
4 11  0  3  5 13 14 15 17 18 19 23 26
0 13  3  7  8 13 14 15 17 18 19 21 22 23 26
6 11  3  4  8  9 12 13 16 17 19 23 24
2 11  3  8 10 15 16 17 18 21 23 24 26
5 11  0  1  2  4  7  8 11 14 17 20 24
5 7  3  5  8 13 16 19 26
2 18  0  2  3  4  5  6  7  8  9 10 14 16 17 21 22 23 24 26
4 9  4  9 12 17 18 19 20 25 26
1 2  8 23
0 12  1  2  4  9 11 13 14 17 19 23 25 26
4 4  3  7 14 23
4 12  0  2  3  4  7  9 11 14 17 19 23 24
2 11  0  1  3  6  7 14 16 18 19 23 25
6 15  0  2  3  7  9 11 12 14 15 17 18 19 20 23 25
2 8  3  5 14 16 17 19 22 26
5 11  4  6  7  8  9 11 14 15 19 20 21
5 15  0  2  3  5  8 11 12 14 15 16 17 19 23 24 26
1 7  3  5 14 17 19 23 24
23 0
1 5  1  5  6 11 14
1 0 []
4 8  0  3  4  6  7 12 14 19
1 7  1  4  6  7 14 18 21
1 10  0  1  3  5  6 10 12 15 20 21
4 6  1  2  3  6 11 21
2 3  5 16 21
0 15  1  2  3  8  9 10 11 12 14 16 18 19 20 21 22
6 9  0  1  5  6 11 17 18 20 21
0 14  1  2  3  4  5  7 11 12 14 16 19 20 21 22
4 7  5  8 11 12 14 17 21
6 6  1  3  5  6 15 19
2 8  1  4  6 10 11 16 18 20
6 10  3  4  5  6  7 11 14 19 20 21
5 11  0  1  3  5  6  8 11 16 18 20 22
3 12  0  3  5  6  7  8  9 11 13 14 20 21
6 13  0  1  3  4  5  6  8 10 12 14 15 20 22
3 15  0  2  3  4  5  6  8  9 10 12 15 16 19 20 21
4 5  5  6  7 11 12
0 16  1  2  3  4  5  6  7  9 10 11 12 13 16 17 18 20
2 11  0  1  3  5 11 12 15 16 18 19 21
2 4  2  6 13 22
0 11  0  1  2  3  5  6  8 11 16 18 19
27 1
0 19  1  2  4  6  7  8 10 11 12 13 14 15 16 17 18 20 22 23 24
6 13  0  6  7  8  9 11 12 13 16 17 22 23 24
1 13  0  3  4  7  9 11 12 13 15 17 20 22 24
5 12  7  8  9 12 14 15 16 19 20 21 22 23
1 12  0  1  3  5  6 13 14 16 17 20 23 24
1 16  2  4  6  7  8  9 10 13 14 16 17 18 22 24 25 26
3 13  0  2  3  8 12 13 14 15 18 21 22 23 25
4 14  0  1  3  4  6  8  9 11 12 13 14 19 22 24
2 12  4  7  9 10 12 13 15 16 18 21 22 23
2 11  1  2  5  6  7 12 16 17 20 25 26
5 15  2  3  4  6  7  9 12 13 15 16 17 19 21 25 26
1 15  0  2  3  7  8 12 13 14 18 20 21 22 23 24 26
4 13  3  4  6  7  9 11 14 18 19 20 22 25 26
1 11  0  2  7 10 11 14 15 19 24 25 26
3 13  0  2  3  4  7  8 10 12 13 19 23 25 26
4 12  3  5  6  7  8  9 12 13 16 21 25 26
1 15  2  3  5  6  8  9 11 12 15 18 20 21 22 24 25
2 11  3  4  5  7  9 11 12 14 19 23 25
0 12  1  2  4  6  7 12 15 17 19 21 22 23
4 15  0  1  2  3  6  7  8  9 14 15 16 17 21 24 26
0 13  2  4  5  6 10 12 13 17 19 22 24 25 26
4 14  0  1  2  3  4  5  6  8 11 14 17 20 23 26
6 14  0  1  2  6  7  8 11 13 14 15 17 18 19 24
6 11  2  4 11 13 15 19 20 21 24 25 26
5 8  0  7  8 12 14 16 18 26
2 15  0  3  4  5  6  7  8 11 14 16 17 19 20 22 24
2 14  0  2  3  4  5 11 12 13 15 17 18 19 20 21
29 0
0 24  1  2  3  4  5  6  7  8  9 10 11 12 14 15 16 18 19 20 21 23 24 25 26 28
3 4  0  6  9 26
3 7 12 14 17 18 19 20 26
0 20  0  1  2  4  5  6  8 10 11 16 17 19 20 21 23 24 25 26 27 28
1 13  0  6  7  9 10 15 16 17 18 19 24 27 28
6 14  0  4  6  7  8 10 12 14 16 17 18 20 23 25
2 8  0  2  7 12 16 20 21 27
1 9  0  5  6 12 14 18 19 24 26
5 8  7 15 18 19 22 25 27 28
3 18  0  1  3  5  6  8 10 11 12 14 15 20 22 23 24 25 26 28
0 16  2  3  4  5  6  8 12 13 14 15 16 18 21 23 24 27
2 9  1  5  6 10 12 13 14 16 23
2 13  0  5  9 11 13 15 16 17 21 22 23 24 27
2 14  0  1  4 10 11 15 16 18 20 21 22 25 26 27
5 12  0  2  3  4  6  8 16 17 18 20 22 26
5 12  0  5  9 10 11 13 21 23 24 26 27 28
3 6  1 22 23 25 26 27
2 12  2  3  5  6  8 11 12 13 14 16 19 24
2 3 17 25 26
3 18  0  2  4  5  6  7  8  9 10 11 12 13 14 16 17 18 23 26
0 23  1  2  3  4  5  6 10 11 12 13 14 15 16 18 19 21 22 23 24 25 26 27 28
0 19  0  2  3  7  8  9 10 11 12 13 14 15 17 18 19 22 25 26 28
6 17  1  2  3  6  7  8  9 10 11 12 14 16 18 19 25 26 28
1 7 12 13 14 18 24 26 27
1 11  0  1  2  5  6  7  8 11 13 16 25
5 14  0  3  4  6  7  8 10 11 15 16 17 22 23 26
5 2  8 11
1 11  4  6  8 11 15 16 17 19 25 26 28
4 15  0  2  3  5  8 12 14 16 17 18 20 23 24 26 27
25 0
0 12  1  2  3  4  5  6  9 10 15 17 20 21
2 5  0  4  7 13 23
1 9  4  5  9 10 14 15 18 21 22
0 8  0  1  2  8 12 17 21 24
5 15  3  5  6  8 10 12 13 15 16 17 19 21 22 23 24
2 4  1 13 16 24
4 11  0  1  2  4  5  8 10 13 15 16 18
3 12  2  3  5  8 10 11 12 13 15 20 21 24
4 10  0  2  3  4  5 10 15 16 18 22
0 19  1  2  3  4  5  6  7  8 10 11 13 14 15 16 18 20 21 23 24
4 6  1  3  5 13 15 21
3 10  0  1  4  5  7  8 13 15 18 21
4 7  0  1  2  7  8 11 16
1 0 []
6 9  0  3  4  5 10 12 13 16 18
5 11  0  2  3  5  6 13 14 16 19 20 21
5 5  0 10 11 13 18
2 11  0  1  3  6  7 11 12 13 14 20 21
6 7  3  5  7 13 14 15 21
0 17  1  2  3  4  5  6  7  9 10 12 13 14 17 18 21 22 23
3 10  0  2  4  6  8 10 15 18 21 23
2 8  0  1  3  6 16 18 20 23
0 13  0  2  3  5  7 11 12 13 15 19 20 23 24
5 14  0  1  4  5  6 10 11 14 16 18 20 21 22 24
2 9  1  5 11 12 17 19 21 22 23
29 1
2 14  5  7  9 10 11 12 13 14 16 19 20 22 26 27
2 11  4  7  8  9 11 14 15 22 23 24 27
5 10  0  3 12 15 16 18 20 21 26 27
0 11  0 10 11 12 13 16 17 18 21 27 28
5 14  0  1  8  9 10 15 17 19 20 21 23 24 26 27
3 16  1  2  4  6  7  9 10 11 13 15 17 20 24 25 26 27
5 13  1  3  4  8 10 14 21 22 23 25 26 27 28
2 13  0  2  5  9 10 11 16 19 22 23 24 26 28
4 19  0  1  2  4  5  6  7 11 12 13 15 16 17 19 20 22 24 25 28
2 21  0  1  2  3  4  7  8 10 11 12 13 14 15 16 20 21 22 23 24 25 27
4 14  0  1  4  8  9 15 17 18 19 21 22 24 26 28
6 12  3  6  9 10 12 13 15 16 17 19 20 22
1 18  0  1  3  4  9 10 11 14 15 16 17 21 22 23 24 25 26 27
1 17  0  2  3  5  6  7 10 11 14 15 18 19 20 22 24 25 26
0 8  2  3  5  6  8  9 10 28
0 16  0  2  3  4  6  7 10 16 17 18 19 20 21 23 27 28
6 23  0  1  3  4  5  6  8  9 10 12 13 15 17 19 20 21 22 23 24 25 26 27 28
2 10  3  8 10 12 13 16 18 21 24 26
5 20  0  2  3  5  8 10 11 12 13 14 15 16 17 19 20 21 23 25 26 28
4 20  1  2  4  5  8  9 13 14 15 16 17 18 20 21 22 24 25 26 27 28
5 15  0  6  7 11 12 14 16 18 19 21 22 23 26 27 28
0 10  1  8 10 12 14 16 17 20 22 25
2 16  1  5  6  7  8 10 11 13 14 15 18 21 23 26 27 28
0 8  0  3  6  9 12 13 16 27
4 17  2  5  6  7  8  9 10 13 14 15 19 21 22 23 25 27 28
0 8  8  9 11 14 23 24 26 27
6 16  1  2  3  6  8  9 12 15 16 18 19 20 21 22 25 28
1 19  0  1  4  5  6  7  9 11 13 16 17 18 19 20 21 23 24 26 28
3 14  2  5  6  8 11 13 17 19 21 23 24 25 26 27
10 1
1 6 1 3 4 5 7 8
0 5 0 2 5 6 8
5 3 3 7 9
3 6 0 1 4 7 8 9
2 7 0 1 2 3 6 7 8
5 5 2 4 6 8 9
0 0 []
1 5 1 3 4 5 9
1 7 0 1 2 3 4 5 9
2 3 0 7 8
12 0
0 3 2 6 8
1 0 []
2 6  0  1  3  6  9 11
3 7  0  2  4  7  9 10 11
0 5 0 6 7 8 9
3 4 0 1 4 8
4 2 1 8
5 5 3 5 6 8 9
6 1 1
3 5  2  4  7 10 11
2 6  1  2  3  4  6 11
3 5  1  5  6  8 10
18 0
3 7  1  3  4 12 13 15 16
2 11  0  2  5  6  7  8 13 14 15 16 17
6 9  0  3  6 10 11 12 13 16 17
3 2  9 12
0 6  3  9 11 12 13 16
2 10  0  1  2  4  6  7 10 12 15 17
6 8  0  1  3  7  8 10 12 14
2 7  0  4  5 13 14 16 17
1 3 10 11 14
5 2 11 12
4 2  9 12
3 3  3  9 12
0 5  3  4  9 11 15
3 5  2  8 11 12 17
2 10  1  2  5  6  7  8  9 11 12 16
0 10  1  3  4  6  8  9 11 12 13 16
5 10  2  3  4  7  8 10 11 12 13 14
2 5  3  4  6 14 15
26 1
3 12  2  4  5  6  7  8 14 16 18 20 21 22
6 10  4  5  6  7  9 12 17 19 21 22
6 15  0  1  3  4  8  9 12 13 14 17 18 19 22 23 24
1 10  0  2  5  9 11 12 14 15 20 23
3 12  2  5  7  9 13 14 16 17 21 22 23 24
4 14  0  6  9 10 12 15 16 17 18 19 20 21 22 23
2 12  1  3  5  8  9 11 12 19 22 23 24 25
6 11  1  6  8  9 13 15 16 17 18 19 23
6 13  0  3  5  7  9 11 12 15 16 18 20 23 25
1 14  0  1  3  4  5  6  8 11 15 17 19 22 23 25
1 10  1  3  5  7 13 15 18 19 23 24
4 13  2  4  5 12 13 14 15 17 19 20 22 23 25
1 10  0  1  3  7  8 14 15 16 20 21
0 9  2  3  7  8 12 14 16 20 22
4 12  3  7  8 10 11 13 16 18 20 21 23 24
6 8  0  6  8 11 13 17 18 23
0 11  0  1  2  5  7  8 10 13 18 23 25
2 13  0  1  2  3  4  7 10 11 12 13 19 22 23
6 12  1  3  5  7 12 19 20 21 22 23 24 25
0 16  1  2  4  5  9 10 11 12 13 14 15 17 18 22 23 25
4 13  0  1  3  4  5  7  8  9 11 14 16 19 21
3 15  0  3  4  5  7  8  9 13 16 17 18 20 22 24 25
0 12  0  1  2  3  4  6  9 10 12 15 18 23
6 13  2  4  5  7  8 10 11 12 13 18 20 21 22
1 12  0  4  5  9 10 12 16 18 20 21 22 23
1 13  0  3  4  6  7  9 10 11 12 17 18 23 24
21 0
4 7  1  4 10 11 12 13 19
0 13  0  4  5  6 10 11 12 13 14 16 17 18 19
1 5  6 11 12 13 17
0 12  1  4  7  9 10 11 12 13 15 16 18 20
6 7  3  5 11 12 16 17 18
3 9  3  4  6  9 12 15 16 18 19
0 10  0  3  4  8  9 11 12 13 17 20
6 10  2  4  5  9 11 12 13 18 19 20
3 6  2  9 10 11 12 13
4 2  3 11
3 6  2  7  8 11 12 16
4 0 []
5 3  1  9 11
5 4  4  6 15 19
2 14  1  3  4  5  6  7  9 10 11 12 13 18 19 20
2 10  7  8  9 10 12 13 14 16 17 19
4 8  0  4  6  8 10 11 18 19
1 8  0  6  8  9 12 13 14 15
1 9  0  1  2  6  7 11 12 16 17
6 12  0  1  3  4  5  8  9 11 12 14 17 20
2 14  0  1  2  4  5  7  8  9 12 13 15 16 17 18
23 1
3 12  1  3  5  6  7  9 11 12 16 19 21 22
4 9  4  5  6  7 12 15 18 20 22
4 11  0  3  7  8 10 14 16 18 20 21 22
1 11  0  2  5  7  9 12 13 19 20 21 22
6 12  3  5  6  7  8  9 10 12 13 19 20 22
0 13  1  3  4  7  8  9 12 13 15 16 18 19 21
6 13  1  3  4  7  8  9 12 13 14 16 18 19 21
6 12  0  1  4  5  6 10 13 14 16 19 21 22
1 11  0  3  4  5  6  9 11 13 17 18 19
2 11  0  2  4  5  7 13 16 17 18 20 22
1 14  0  2  4  5  8  9 11 12 14 16 17 18 19 21
6 10  1  2  6  7  9 12 14 15 19 21
2 11  0  1  2  6  7  9 13 14 16 17 21
3 9  0  1  4  5  7 12 15 17 19
5 14  0  2  3  4  6  8  9 11 12 13 15 17 20 21
1 10  1  3  5  6  8 11 13 16 19 21
4 12  2  5  9 10 11 13 15 17 18 19 20 22
3 11  1  2  3  4  5  7 10 12 13 18 22
0 10  0  4  7  8  9 11 15 17 19 20
6 12  2  3  4  8  9 11 13 14 16 17 20 21
3 13  0  1  3  5  6  8 12 13 14 16 18 19 21
6 12  0  4  5  6  8  9 10 11 14 16 20 22
6 13  1  2  4  5  6  9 10 12 14 16 17 18 20
14 1
1 8  2  4  5  8 10 11 12 13
4 5  2  8 10 12 13
5 3  1  7 11
2 3 5 6 9
1 9  1  2  3  5  7 10 11 12 13
1 10  0  1  3  4  8  9 10 11 12 13
6 6  0  4  5  9 11 13
6 3  0  6 10
1 5 0 4 5 7 9
6 3 10 12 13
4 9  0  1  3  4  6  7  8  9 11
2 5  1  2  5  7 12
3 6 2 3 4 6 8 9
0 5 0 4 5 6 8
22 0
6 6  1  2  3  4  7 14
2 13  0  4  5  6  8 10 11 12 14 15 16 19 20
0 18  0  4  5  6  7  8  9 10 11 12 13 14 15 16 17 19 20 21
0 14  0  2  6  7  8 10 11 13 14 15 17 19 20 21
1 5  0  6  8 11 13
0 12  2  3  6  7  9 10 11 12 14 15 16 21
5 6  0  5  7 10 14 15
3 6  0  9 10 12 19 21
1 6  0  5  9 10 20 21
6 11  0  3  5 10 11 15 16 17 18 20 21
0 18  0  1  2  3  4  5  7  8  9 11 12 13 14 15 16 17 18 20
0 11  0  3  5  6  7  8 15 17 18 20 21
3 9  0  1  3 10 14 16 19 20 21
3 2 0 4
5 9  0  2  4 10 12 13 16 18 19
6 14  1  2  3  4  5  7  8  9 10 11 13 16 17 21
2 13  0  1  3  5  6  8  9 10 12 17 19 20 21
0 13  0  3  4  7  8  9 10 11 13 14 15 18 21
1 7  0  4  6 14 16 20 21
6 9  0  4  6  8 11 12 14 17 18
1 2  0 13
6 8  0  6  9 15 16 17 18 19
19 0
5 10  2  7  8  9 11 12 13 14 15 17
2 5  4  6  8 15 18
6 13  1  3  4  6  7  8  9 11 12 13 14 17 18
6 4  6  7 12 15
3 13  0  1  2  3  5  7  8  9 10 12 13 14 17
1 6  1  7  8  9 14 18
5 9  1  3  5  7  9 10 15 16 18
6 4  3 13 15 18
6 8  0  7 12 13 14 15 16 18
0 6  1  2  7 11 17 18
5 10  1  3  4  6  9 12 13 14 15 18
5 9  1  3  4  6  7  9 15 16 17
3 12  0  1  3  6  7  8  9 10 11 13 15 18
1 7  3  6  8 14 15 16 18
6 8  1  3  6  7 10 11 13 15
5 2  7 12
6 6  3  7  8  9 15 18
5 9  0  1  4  6  7  9 13 15 18
4 1 7
29 0
1 13  2  6  9 13 14 16 19 22 23 24 25 26 27
4 6  0  2 13 14 25 27
5 6  8  9 13 20 24 27
6 12  2  6  7  8 10 11 12 13 14 18 22 25
5 24  0  2  3  5  6  7  8  9 10 11 13 15 16 17 18 19 20 21 22 23 24 26 27 28
2 16  2  4  6  7  9 10 12 14 16 17 18 20 21 23 24 27
1 4 10 13 16 26
2 4  0  9 21 24
5 13  0  1  4  5  6 10 12 13 14 15 16 18 19
5 15  2  4  6  7 12 15 16 17 21 22 23 25 26 27 28
4 11  1  2  5  7 11 13 14 19 20 21 22
2 18  0  1  3  4  5  7  8  9 13 14 16 17 18 19 22 24 26 27
2 16  3  5  7  8  9 13 14 16 17 19 20 21 22 24 26 28
1 0 []
3 4  7 13 16 20
6 18  0  2  3  5  6  7  8  9 11 13 14 18 20 21 23 24 26 27
0 18  5  6  7  9 10 11 12 14 15 17 18 19 20 21 22 23 26 28
1 15  1  2  6  7  8  9 10 13 16 18 20 21 22 24 26
1 6  1  2  8  9 11 16
5 9  0  5  8 13 17 18 24 25 28
1 13  1  3  5  6  7  8 10 11 17 19 22 25 28
6 11  1  2  3  4  8 10 13 14 16 17 18
4 13  0  7  8 10 13 14 15 16 17 19 24 27 28
4 10  2  6  8  9 12 14 20 21 27 28
0 17  0  1  3  5  6  8  9 10 11 12 13 14 15 19 23 25 26
2 18  0  2  4  5  6  8  9 10 11 14 16 17 19 22 24 26 27 28
0 22  0  1  2  3  4  5  6  7  9 10 11 13 14 15 18 19 20 21 22 23 24 28
1 4  9 16 21 23
0 14  1  2  3  6  7  8  9 12 13 18 19 22 24 25
12 0
4 4  1  6  7 10
5 4  5  7  8 10
6 5  5  7  8 10 11
0 2  6 10
5 6  2  5  7  8 10 11
5 8  0  2  3  4  7  9 10 11
4 3  7 10 11
5 1 10
5 4 2 3 7 9
5 4  6  7 10 11
2 1 7
1 5 0 1 4 5 7
20 0
1 9  6  7  8  9 10 11 12 14 15
1 10  2  4  5  7  9 12 14 16 17 18
3 4  6  7 10 11
0 15  0  2  4  5  6  7  8  9 10 11 12 14 15 17 18
6 7  2  6  7  8 10 12 16
4 4  4  6 10 11
3 9  1  3  7 10 11 12 14 15 19
6 11  2  3  4  6  9 11 12 13 15 16 18
1 4 11 12 15 18
3 7  4  5  6 10 11 13 15
3 6  0  6  9 11 12 15
3 1 10
6 5  2  5  6  7 10
2 13  0  1  2  4  5  7 10 11 12 14 15 17 18
4 11  0  4  5  6  8  9 10 11 12 16 18
6 10  1  2  5  6  7  9 10 14 17 18
1 3  2 10 15
2 12  0  1  2  5  6  8  9 10 12 14 15 19
5 10  2  3  6  8  9 10 11 12 14 15
0 14  1  2  3  4  6  7  8 10 12 13 14 15 16 18
17 0
3 10  2  4  5  8  9 11 12 13 15 16
6 7  2  5  7  8 11 12 13
6 4  3  5  6 15
0 11  0  1  4  5  6 11 12 13 14 15 16
0 11  1  2  3  5  6  8 10 11 13 14 16
1 5  6  8 10 14 16
1 0 []
3 8  0  1  3  5  6 10 12 15
0 5  2  5  6 10 15
3 11  1  2  4  5  6  8 10 11 12 14 15
5 5  2  5  9 11 14
5 7  0  2  5  6  7 12 13
6 4 2 6 7 8
5 9  0  1  4  6  7  8 11 15 16
2 10  1  2  3  5  7  8 10 13 15 16
2 12  0  3  5  6  7  8  9 11 12 13 14 16
2 6  0  2  7 11 13 15
22 0
6 11  4  8  9 11 12 13 14 15 17 18 19
0 10  2  5  7  8 10 11 13 17 19 21
5 12  1  4  5  7  8  9 11 14 15 16 17 20
1 8  5  6 10 11 12 15 16 17
2 12  1  2  7  9 11 12 13 14 17 19 20 21
4 4  8 14 17 20
4 9  5  9 10 11 14 15 17 19 20
2 11  1  2  3  4  5  6 13 14 17 18 20
5 6  2  3 10 17 19 20
3 11  0  2  3  4  7  8 11 13 14 16 20
4 5  1  5 17 19 20
2 10  0  1  2  6  8 12 13 14 18 21
2 15  0  1  2  3  4  6  7  9 11 15 16 17 18 19 21
0 10  0  2  5  8  9 11 16 17 18 21
3 10  0  2  3  5  6 12 13 16 17 20
4 8  5  8 14 17 18 19 20 21
3 9  3  4  5  6  8 14 15 17 20
1 3  2  5 20
6 6  2  3  5  8 14 16
5 10  0  4  5  7  8 12 15 17 18 21
4 1 5
0 16  1  2  3  4  5  7  8  9 10 14 15 16 17 18 19 20
11 1
1 8  3  4  5  6  7  8  9 10
4 6  0  4  5  6  7 10
1 3 1 3 7
5 2 6 9
5 7  0  1  3  5  8  9 10
2 4  1  4  8 10
5 5  0  1  7  8 10
6 6 0 3 4 5 8 9
6 5 0 3 4 6 9
2 3 0 1 7
6 4 1 4 5 6
10 0
5 3 2 3 4
6 1 2
6 5 0 1 6 8 9
4 3 1 4 9
3 1 5
4 2 3 7
5 6 2 3 4 5 7 9
2 1 2
0 6 1 2 3 5 7 9
1 1 2
17 1
0 6  1  4 10 11 12 14
5 6  2  3  4  9 13 14
1 8  0  5  6  7  8  9 10 15
4 7  1  6  7  8  9 11 16
1 10  0  2  3  6  8  9 12 13 14 16
6 7  0  6  7 10 12 15 16
6 11  0  1  2  4  5  8  9 11 12 13 16
5 6  0  4  6 10 12 15
1 10  1  5  6 10 11 12 13 14 15 16
1 8  2  4  5  7  8 13 14 16
4 8  0  1  2  3  4  7  8 13
3 8  3  4  6  9 12 13 15 16
2 5  3  6  8 14 15
1 9  0  1  2  4  5  6  7  8 11
4 9  1  2  3  4  5  8 11 13 15
5 10  2  3  5  7  9 10 12 13 14 16
6 9  0  1  2  5  6 10 11 14 15
19 1
3 7  2  5  7  9 12 13 17
1 12  2  4  6  8  9 10 11 12 13 14 16 17
4 9  3  6  7  9 10 12 13 14 17
0 2  8 18
2 7  1  5  6 11 12 14 15
2 7  3  4  6 12 16 17 18
6 10  0  1  2  4  5  7  9 12 14 16
3 8  0  1  2  4  8 11 16 17
5 5  2  4  5 15 17
4 13  0  1  2  4  5  6  7 10 11 13 14 17 18
2 12  0  1  3  5  6  7  9 13 14 15 16 18
5 5  0  3 10 13 18
3 8  1  4  8 10 13 14 15 16
1 14  0  1  2  3  4  6  7  8  9 10 11 15 17 18
2 10  0  1  4  5  8  9 11 15 16 18
0 4  6 16 17 18
4 15  2  3  4  5  6  7  8  9 10 11 12 13 14 15 18
1 14  0  1  3  5  6  7  9 10 12 13 14 15 16 18
3 8  0  3  6  7  8 11 12 16
27 0
2 21  1  3  4  5  6  7  8  9 11 12 13 14 15 16 17 19 20 21 24 25 26
2 13  2  7  8  9 10 13 14 15 19 21 23 25 26
2 10  3  6 11 13 14 17 18 22 23 25
2 12  4  5  8  9 11 13 14 15 16 18 24 26
6 5 11 13 19 22 25
4 7  2  7 11 13 15 16 21
2 20  0  2  3  4  5  8 10 11 13 15 16 17 18 20 21 22 23 24 25 26
5 15  1  2  5  6  8 10 12 13 15 16 18 20 22 24 25
1 3  1 11 24
2 16  1  2  3  4  5  8 11 12 14 15 16 17 18 19 23 24
4 13  7 11 12 13 14 15 16 21 22 23 24 25 26
1 4  4  7  8 13
3 11  1  2  6  7  8  9 11 19 21 22 24
1 3  4 11 14
2 15  0  2  3  5  6  7  8  9 15 18 19 20 22 23 25
3 7  1  4  7  8 13 18 21
3 14  1  4  5  7  8 11 12 13 17 18 19 20 22 26
6 16  1  2  3  4  5  6  7 11 12 13 14 16 19 20 21 23
5 7  2  4 11 13 16 21 22
4 14  0  1  2  4  5  7 11 13 15 18 20 22 25 26
3 14  0  2  5  7  9 11 13 15 16 19 22 24 25 26
6 12  1  4  7  8 10 14 16 18 20 23 25 26
4 4  2  8 11 12
0 17  0  1  2  3  4  5  8 10 11 13 14 15 17 18 20 21 26
1 10  1  3  4  9 13 18 21 22 23 25
3 10  0  1  4  7 12 13 15 18 21 22
0 15  0  1  3  5  6  8  9 11 12 14 15 16 22 24 25
19 0
6 10  1  2  4  5  7  8  9 10 11 14
2 5 2 3 4 6 7
4 3  4  6 14
3 7  1  2  4  6  8 11 13
2 4  0  2  9 11
5 7  1  4  9 14 15 17 18
5 3  2  4 14
2 8  2  4 10 11 12 13 15 16
6 7  1  3  4 10 11 12 14
1 4  1  2 11 13
3 6  1  2  4  9 11 17
5 8  1  2  3  4  5  6 16 18
2 9  0  1  2  3  4  5 11 14 17
0 8  4  5  6  8  9 14 16 17
6 5  2  3  4  8 11
0 10  0  4  5  6  9 10 11 14 17 18
4 10  1  3  4  5  6 10 11 14 15 18
4 6  1  4  6  8 11 14
5 10  0  1  3  4  5  8 11 12 13 16
14 1
0 10  1  2  3  5  7  8  9 10 11 12
0 10  0  2  3  4  5  6  7 10 11 12
2 7  0  3  4  6  8 10 13
4 7  1  2  5  9 10 11 13
6 6  0  2  5  6  7 10
3 6  3  4  6  7  9 13
3 8  0  1  3  4  7  8 10 13
4 9  1  2  3  4  6  8  9 10 13
0 2 4 5
3 3  0 11 12
1 10  0  1  2  4  5  6  7  9 11 13
5 4  5  8  9 12
2 1 1
4 8  0  1  2  3  6  7 10 11
14 0
5 2 2 6
5 6  2  3  4  6  9 13
5 4  5  6  9 11
2 5  4  6  9 12 13
0 7  0  1  2  3  6  9 13
2 7  1  2  4  6  8 10 13
6 1 9
5 4 2 4 6 9
3 6  1  3  4  5  7 13
1 0 []
2 8  2  3  4  5  8  9 11 12
0 6  0  2  6  7  9 13
3 5  1  8 10 11 13
6 7  1  2  6  7  9 10 12
20 0
5 10  2  7 11 13 14 15 16 17 18 19
0 10  0  2  4  7  8 11 12 15 18 19
1 7  3  7  9 11 12 14 16
1 13  0  2  6  7  8  9 10 11 12 15 16 17 18
1 13  1  2  5  6  7  8  9 10 11 12 14 18 19
4 6  2 10 11 13 14 18
6 3  5  7 11
5 3  6  8 11
6 12  1  5  7  9 10 11 13 14 16 17 18 19
5 13  0  1  3  5  7 10 11 12 14 15 16 17 18
1 3  7 11 17
6 0 []
0 14  0  1  2  4  6  7  8 10 11 13 14 15 18 19
6 11  0  2  3  5  7  9 11 12 14 16 17
0 9  0  1  3  4  5  9 11 17 19
6 7  0  2  4  7 11 16 17
5 4  1  7 11 17
4 9  0  2  4  7 10 11 14 15 16
5 6  0  3 11 15 16 19
4 11  0  1  2  4  6  7 10 11 16 17 18
27 1
0 15  1  3  5  6  8  9 10 13 14 16 18 19 23 24 25
0 13  0  2  3  4  7  8 10 13 15 19 20 23 24
6 12  0  6  7  9 12 15 17 20 21 23 24 25
0 10  1  2  4  6 11 12 16 18 24 26
1 18  0  1  5  6  7  8  9 11 12 14 15 16 17 19 20 22 23 26
5 11  0  1 12 14 15 16 20 21 22 23 25
6 13  2  3  4  5  8 10 11 12 15 16 20 21 23
4 15  0  1  2  6 10 11 13 14 16 17 18 20 22 23 26
0 6  0 13 21 22 25 26
0 10  2  4 10 14 16 17 18 20 25 26
4 10  2  3  4 11 14 15 18 19 21 23
2 16  0  1  3  4  5  6  8  9 10 12 15 16 17 18 19 20
3 15  1  3  5  6  7 10 11 15 17 19 22 23 24 25 26
0 12  1  5  6  7  8  9 10 11 14 19 20 24
0 14  0  1  3  5 11 12 13 17 19 20 22 23 24 26
2 16  1  2  3  6  7  8 10 11 12 14 17 18 20 21 22 26
4 18  0  1  2  3  4  5  6  9 10 12 13 14 15 18 19 20 23 26
3 11  0  1  4  8 10 11 12 13 14 16 26
2 12  0  3  4  6  8  9 12 13 15 21 22 26
2 8  0  1  6  8  9 11 14 16
1 18  0  1  3  5  6  7  8  9 10 12 13 15 16 18 19 23 24 25
6 16  1  3  5  7  9 10 13 14 16 17 19 20 22 23 24 26
1 16  0  4  5  6  8  9 11 12 16 19 20 21 23 24 25 26
0 12  0  5  7 11 15 17 19 20 21 24 25 26
4 13  1  5  6  7  8  9 14 15 21 22 23 25 26
5 10  3  6  9 10 15 18 20 21 22 24
0 16  1  4  5  6  7  8 12 14 15 16 19 21 22 23 24 25
16 1
3 2  6 11
3 9  2  4  5  6 10 11 12 13 15
2 2 10 15
1 10  1  4  5  7  8 10 11 12 13 15
3 6  0  1  3  7  8 14
2 9  0  2  7  8  9 11 13 14 15
2 6  3  5  7  8  9 14
1 13  0  1  2  3  4  5  6  8  9 10 11 14 15
0 3  2  4 12
2 5  1  2  4 10 12
4 10  1  3  4  6  7  9 11 12 14 15
1 9  0  1  3  4  6  9 12 13 14
5 7  0  4  5  7  8  9 13
0 5  0  5  7 10 14
2 9  0  1  3  5  6 11 12 13 15
3 10  1  2  3  5  7  8  9 10 12 13
12 1
6 6  2  3  6  8  9 11
4 6  4  5  7  8 10 11
3 3  3  9 10
2 0 []
5 3 0 1 9
2 6  1  4  6  7  9 11
1 7  0  1  2  7  9 10 11
2 7  1  2  3  4  6  8 11
6 2 4 6
6 5 1 2 5 6 8
6 3 0 5 7
6 5  0  1  5  7 10
27 0
5 9  1  7 12 14 16 19 21 23 24
0 12  0  2  7  9 14 15 16 19 20 21 22 26
6 16  0  1  3  4  6  7  9 10 11 16 19 20 22 23 25 26
5 7  1  2  4 13 20 22 26
5 16  1  2  3  6  7  8 10 11 12 15 16 18 19 21 25 26
1 13  0  1  7  8 10 11 12 16 17 19 21 23 26
1 14  0  1  2  4  5  7  8 14 16 18 19 20 21 25
5 8  0  4  9 12 15 16 21 24
1 8  0  1  5  7 19 21 22 24
1 4  8 19 24 26
3 15  0  2  3  4  5  7  8  9 11 12 15 18 19 23 24
5 13  0  2  3  4  5  7 10 12 16 19 21 24 26
2 7  0  7  9 13 18 19 20
5 18  0  1  3  4  5  6  7  8  9 10 11 17 19 21 23 24 25 26
1 14  2  3  4  7  8  9 13 16 18 19 21 22 25 26
5 15  0  1  3  4  6  7  8  9 10 12 14 16 20 22 26
2 8  0  1  2  7  8 24 25 26
0 12  0  6  9 12 13 14 15 20 21 22 25 26
2 15  1  2  4  5  6  7 12 13 14 15 20 21 23 24 26
4 4  0  9 14 26
2 14  0  1  2  3  4  8 11 12 14 17 19 21 24 26
2 9  0  1  3  7  8 10 19 24 26
5 18  1  2  3  5  6  7  8  9 12 14 15 16 17 19 20 21 25 26
2 14  0  1  3  6  7  8  9 10 12 15 16 18 19 25
6 8  5  8 10 15 17 19 21 26
1 17  0  1  3  6  7  8  9 11 12 13 14 16 17 19 23 24 26
4 10  0  2  4  7  8  9 15 19 21 24
22 1
1 11  1  2  4  7  9 11 12 15 18 20 21
2 8  4  8 10 11 14 15 17 19
2 11  3  5  8  9 10 11 12 13 16 20 21
6 13  0  1  5  7  8  9 10 11 12 13 14 17 18
4 9  0  1  3 10 11 15 18 19 20
2 14  0  1  2  4  6  8 10 13 14 15 16 18 19 21
1 16  0  1  2  7  8  9 10 11 12 13 15 16 18 19 20 21
1 15  0  1  2  5  6  8  9 11 12 13 15 16 17 19 20
1 10  2  3  4  7 12 13 14 16 18 20
6 9  3  6  7  8 11 15 19 20 21
4 8  1  4  5  6  7  8 14 20
0 11  1  2  5  6  7  8 10 13 15 16 18
1 11  0  1  2  3  4  6  7 14 16 17 18
6 13  0  1  2  4  6  7  8 11 12 14 19 20 21
1 16  0  1  2  5  6  7  8  9 10 11 16 17 18 19 20 21
3 10  0  3  7  8 12 13 14 16 18 21
6 11  1  2  3  6  8  9 11 17 19 20 21
6 10  3  4  5  6  7 10 11 12 15 16
0 10  7  8  9 10 12 14 16 17 20 21
4 14  1  2  4  5  6  7  8  9 11 12 14 15 17 20
2 11  0  5 10 11 13 14 16 17 18 19 21
2 10  0  1  2  3  6 11 12 13 16 18
22 0
4 5  1  9 11 14 17
1 5  3  5  9 14 19
0 13  0  1  3  4  7  8  9 12 13 15 16 17 18
2 13  0  4  5  6  7  8  9 10 12 13 14 18 21
3 3  9 15 17
2 6  3  4  9 17 18 21
1 11  0  4  9 10 13 14 15 17 18 19 20
4 7  0  1  9 16 17 18 20
0 7  0  1  5  9 17 18 20
6 2  0 17
2 9  0  4  8  9 11 14 15 17 20
2 7  3  8  9 10 18 19 20
0 16  1  2  4  5  6  7  9 10 11 13 14 16 17 18 20 21
4 6  0  7  9 11 16 17
6 9  3  6 10 11 12 13 15 19 21
5 10  0  1  2  3  8 11 13 14 17 18
3 6  1 12 14 15 17 21
6 9  1  2  3  7  9 11 13 16 18
5 14  0  3  4  5  6  7  9 10 12 13 16 17 20 21
4 6  0  7  9 11 13 15
0 11  0  1  3  4  8 11 13 16 18 19 21
5 18  0  1  2  3  4  5  6  7  9 10 11 14 15 16 17 18 19 20
28 1
1 7  3  5  9 14 15 23 24
0 17  0  2  4  5  6  7  9 11 12 13 15 16 18 21 24 25 27
0 15  0  3  5  6  7  9 11 12 13 14 21 23 24 25 27
5 14  0  1  6  7  8  9 11 12 16 19 20 21 24 26
3 13  1  2  3  7 14 16 17 18 19 22 23 25 26
6 10  4  9 11 14 16 17 19 21 26 27
6 15  0  1  2  3  5  7  8 10 13 15 18 22 24 25 26
1 15  0  1  2  3  4  6  8 11 13 15 16 20 21 23 25
1 14  0  1  2  3  4  5  6  7 11 14 17 21 23 27
1 17  0  1  3  5  7  8 10 11 12 15 16 18 23 24 25 26 27
3 19  0  1  2  4  6  8  9 11 12 13 15 17 18 19 20 21 22 23 24
2 10  2 12 15 17 18 20 22 23 25 26
1 12  3  6  7 10 11 13 14 15 18 21 23 27
6 13  2  3  4  5  6 14 16 17 18 19 21 24 27
2 17  2  3  4  5  6  8 10 11 13 15 17 19 20 21 23 25 27
4 15  0  1  2  3  5  9 10 13 18 19 20 21 22 23 25
5 15  0  2  3  4  9 10 11 13 14 15 20 22 23 24 25
4 17  0  1  3  6  7  9 10 12 13 14 16 18 19 20 23 24 26
1 11  2  3  8 13 14 15 21 22 23 26 27
0 11  2  3  4  7 12 15 18 20 21 23 27
4 10  2  3  4  5  7 15 17 18 19 26
0 15  1  2  4  6 12 13 14 16 17 19 20 23 24 25 27
6 12  0  4  7  8  9 10 12 15 18 19 21 24
3 7  0  1  4  9 16 24 26
4 16  0  1  2  4  6  9 10 12 16 17 20 21 22 23 25 27
1 12  0  1  3  4  7  8 10 11 14 17 20 27
0 10  0 11 12 17 18 20 21 23 25 27
3 14  0  3  5  7  9 10 13 16 19 20 21 22 25 26
13 0
5 7  1  2  3  6  8 10 11
1 1 9
6 8  0  1  5  7  8 10 11 12
3 8  0  1  4  7  8 10 11 12
4 5  1  5  8  9 10
3 2 0 9
4 4 0 1 5 9
4 1 9
0 2  9 12
1 0 []
3 7  0  1  3  4  7 11 12
0 6 0 1 3 4 5 8
0 6  0  4  5  6  8 11
18 0
0 8  3  7  8 10 14 15 16 17
6 8  0  2  3  7  9 13 14 17
2 5  1  3 12 16 17
5 0 []
4 7  1  2  3  6  8 11 17
5 10  0  1  2  3  4 11 12 13 14 17
0 13  0  1  3  4  7  8  9 11 12 13 14 15 17
5 8  0  2  3  6  8 13 14 16
3 7  1  3  5 11 12 16 17
3 12  0  1  2  3  5  6  8 11 12 13 15 16
5 7  0  1  2  3 12 13 14
1 6  0  3  6  8 14 17
0 9  0  1  2  3  5  6  8 10 17
5 11  1  2  3  6  7 10 11 12 14 15 16
1 5  1  3  8 16 17
3 8  0  1  2  3  6  8 12 16
3 10  0  1  4  5  6  8  9 10 15 17
4 3 2 3 8
27 1
3 14  1  2  3  6  7 10 14 15 16 18 19 21 23 25
5 16  2  3  5  6  8  9 10 11 12 14 15 16 19 22 24 25
1 20  0  1  3  6  7  8  9 10 11 12 14 16 17 18 20 21 22 23 24 25
3 13  1  5  6 10 12 13 15 16 18 21 22 23 25
4 15  0  1  6  7  8  9 11 12 13 14 16 17 23 24 25
6 16  0  3  6  7  9 10 13 14 15 16 17 20 21 22 25 26
5 14  0  3  4  5 12 13 14 15 16 19 21 23 24 25
3 12  0  1  2  3  4  5  8  9 22 23 24 26
3 15  0  2  5  7  9 10 12 17 18 19 20 21 24 25 26
1 11  0  1  2  7 13 17 18 21 23 24 26
2 8  0  1  3  7 11 14 22 25
0 14  0  1  3  5  7  8  9 10 13 17 20 24 25 26
4 13  0  2  3  6  8 13 15 16 17 18 21 24 25
4 12  0  2  7  8  9 10 11 14 15 20 22 26
4 13  0  3  4  6  8  9 11 13 15 17 19 23 24
0 18  0  2  3  4  5  7  8 10 11 12 13 14 17 18 20 23 24 26
3 16  0  3  4  5  6  7  9 10 11 13 19 21 22 24 25 26
4 9  2  6  8  9 12 18 21 22 26
3 13  0  3  4  5  6  8 10 11 17 20 21 22 26
1 15  2  3  6  8  9 10 11 15 17 18 20 21 23 24 25
4 14  0  2  3  6 11 14 15 16 18 21 22 23 24 25
6 18  0  1  2  3  5  6  8  9 10 12 14 15 16 17 18 20 23 25
2 13  1  3  5  6  7  9 12 16 17 19 23 24 26
5 14  0  1  8 11 12 13 14 15 17 18 19 20 24 25
6 13  0  2  4  7  9 11 13 14 17 18 20 21 23
3 9  1  2  3  4  9 14 17 22 26
4 14  1  2  5  8 12 14 15 16 18 19 21 22 23 24
23 1
3 7  6  9 10 14 17 18 22
5 9  3  4  5  6  7  8 10 15 20
3 3  8  9 16
6 12  1  2  4  5  7  8 14 15 17 18 19 22
4 16  0  1  3  5  7  9 10 11 13 14 16 17 18 19 21 22
2 9  0  7  8 11 13 16 17 20 21
2 11  0  2  3  9 12 13 14 15 19 20 22
5 15  0  1  2  3  4  8  9 10 12 13 14 16 18 19 20
0 5  0  1 12 15 17
4 17  1  2  3  4  5  6  7 10 11 12 13 14 16 17 19 20 21
5 4 11 12 15 21
4 15  0  1  4  6  7  8  9 10 13 15 17 18 19 20 22
6 8  1  4  5  6  7 17 18 20
4 12  0  3  4  9 10 11 12 15 18 19 20 21
5 9  0  2  5 10 15 16 17 19 20
1 18  0  1  2  3  4  5  7  8  9 11 12 13 14 16 17 19 21 22
6 7  2  3  5  6 13 21 22
0 9  8 11 13 14 15 19 20 21 22
0 4  0 15 19 21
3 11  0  2  3  4  6  8 12 14 18 21 22
0 11  1  4  5  6  7  8  9 10 11 12 13
1 17  1  3  4  5  6  7  9 10 11 12 13 14 15 16 18 20 22
3 12  1  7  8  9 10 11 12 13 14 15 16 17
24 0
2 10  3  4  6  7  8 14 15 16 17 20
5 8  0  6 12 15 16 17 18 20
1 9  4  6 11 12 13 14 15 16 17
2 11  2  4  7  8 11 13 15 16 17 18 22
4 8  1  2  6 10 12 13 19 23
0 14  0  2  3  4  7  8 11 12 15 16 17 18 20 21
1 5  1 11 14 17 19
3 13  0  2  5  6  8  9 10 16 17 18 19 20 23
4 6  0  4  6 11 20 23
3 16  1  3  4  6  7  8 10 11 12 13 14 15 17 20 22 23
4 9  0  1  2  6  8 14 15 18 23
4 6  0  6 12 14 16 18
2 14  0  1  2  4  5  6  7 11 14 16 17 18 20 22
4 2 0 6
2 11  0  3  8 11 13 15 16 17 19 21 23
2 17  0  1  5  6  8 10 11 12 13 16 17 18 19 20 21 22 23
2 14  0  1  4  6  8  9 11 13 14 17 18 20 22 23
3 11  0  1  6  7  8 11 12 14 16 18 23
2 12  0  2  4  9 10 11 13 14 15 16 20 23
5 4  2 13 17 23
3 13  0  4  5  8 12 13 14 15 16 17 18 19 21
5 11  1  4  6  8 10 12 13 14 15 20 22
2 13  2  3  4  6  8 10 11 12 15 16 17 19 23
0 14  0  1  4  5  6  8  9 11 12 14 16 17 18 20
21 0
2 8  2  3  5  7 10 13 14 16
0 15  0  2  4  5  6  7  8 10 12 14 15 16 17 18 20
3 9  4  5  7  9 10 12 13 16 18
0 11  0  2  5  8 10 12 13 14 16 18 19
3 8  2  3  6  7 13 15 17 19
0 17  0  1  2  3  4  6  7  8  9 10 13 14 15 17 18 19 20
1 1 16
2 4  0  4  6 20
1 11  0  2  4  7 13 14 15 16 17 18 20
1 1 6
2 15  0  3  4  5  6  8 11 12 13 14 16 17 18 19 20
3 6  2  6 14 16 17 20
5 10  0  2  3  5  9 11 13 14 15 20
3 8  2  3  8  9 16 17 19 20
4 8  3  6  8  9 10 13 16 18
4 2  7 14
0 12  0  1  2  4  5  6  7  9 11 14 15 18
2 4  3  6  7 16
5 13  0  1  6  7  8  9 13 14 15 16 17 19 20
4 9  2  3  6  7  9 11 14 16 20
4 4  6  7 13 17
15 0
2 9  1  4  5  6  7  8 10 13 14
0 8  0  2  3  4  6 11 12 13
0 1 3
6 2  2 10
6 4  0  3  6 11
0 4  0  1  3 11
6 5  2  3  7  8 10
6 5  0  3  5 11 13
6 5  0  1 10 11 14
0 3  2  3 14
2 8  0  1  7  8 11 12 13 14
6 8  0  3  5  6  7 12 13 14
0 5  0  3  6 10 11
0 5  0  3  8 11 12
5 8  0  1  4  6  7  8 10 11
18 1
5 8  1  2  5  6  9 12 13 14
3 15  0  2  3  4  5  6  7  8  9 10 11 12 14 15 17
4 10  1  6  7  8  9 11 12 14 16 17
6 7  1  6  7  9 11 12 16
5 3 2 3 5
2 4  1  2 14 15
3 13  0  1  2  7  8  9 10 11 12 14 15 16 17
6 12  0  1  2  3  6  8  9 10 12 13 14 17
6 11  0  1  2  3  5  6  7  9 12 16 17
5 13  1  2  3  4  6  7  8 10 11 13 14 16 17
2 4  0  2 13 16
2 3  3 15 17
3 12  0  1  4  5  6  7 10 11 13 14 16 17
2 2 0 9
3 9  3  5  6  7  8  9 10 12 16
0 3  8 10 17
2 6  0  4  8 10 11 15
1 14  0  1  2  3  4  5  6  7  8  9 12 14 15 16
18 0
5 10  1  2  6  7  8  9 11 12 13 14
2 8  0  5  6  8  9 10 11 12
4 7  7  8  9 10 13 15 16
2 8  0  5  6 10 13 14 15 16
6 4  1  9 12 15
6 10  4  6  7  9 10 11 12 15 16 17
4 7  0  1  3  7  9 15 17
4 5  4  6  9 15 16
2 6  2  6  7  9 10 14
1 1 15
6 12  1  2  3  4  5  7  8 12 14 15 16 17
2 11  0  1  3  5  6  7  8  9 10 12 16
4 12  0  2  3  4  5  6  8  9 11 13 15 17
1 5  1  6  8  9 16
5 11  4  5  6  7  8  9 11 12 15 16 17
5 0 []
1 5  6  7  9 12 15
5 5  3  4  5  8 15
27 0
1 10  1  2  4  5  6 10 12 14 21 22
1 9  5 12 13 14 16 17 22 24 25
1 2 14 21
2 16  1  2  4  5  7  9 11 12 13 15 16 18 19 21 23 26
2 14  0  1  2  5  7  8 10 13 14 17 20 22 23 25
5 14  2  3  4  6 10 11 14 15 17 18 19 22 23 25
6 10  5  7  9 17 19 20 22 23 24 26
3 13  2  6  8  9 10 11 14 16 19 21 22 23 26
0 17  0  1  3  5  6  7 10 11 12 13 16 19 22 23 24 25 26
2 9  2  6  7 11 12 14 15 17 22
4 11  4  5  7  9 11 12 14 20 23 24 25
2 13  5  7  9 10 12 15 20 21 22 23 24 25 26
2 8  2  5 11 16 21 23 24 26
5 15  0  2  3  4  7  9 10 12 16 17 18 19 21 23 26
4 5  6  7 21 23 25
3 11  1  5  6  8  9 13 17 20 22 23 24
4 8  0  4  7  9 14 22 24 25
1 8  0  1  6 12 14 15 21 25
3 15  1  2  5  8  9 12 13 14 17 19 21 22 23 24 26
0 14  2  3  6  7  8 10 12 14 16 17 22 23 25 26
2 11  1  3  4  5 10 12 14 15 17 22 26
6 7  1  9 12 14 19 22 23
4 4  2  7  9 23
5 7  5  6  7  9 14 21 26
4 7  1  5  7 12 14 19 21
5 10  2  5  9 10 11 12 15 17 23 26
0 14  0  4  6  7  9 10 11 13 14 19 20 22 23 25
20 1
2 10  2  3  4  6  8 13 14 15 16 17
1 17  0  3  4  5  7  8  9 10 11 12 13 14 15 16 17 18 19
3 7  0  4 10 11 14 16 18
5 9  0  1  4  6  8  9 13 15 18
5 12  1  3  5  6  7  8 11 12 13 15 18 19
6 11  1  2  4  7 10 11 12 13 14 17 19
0 11  0  1  2  7 10 12 13 15 16 17 19
5 5  1  2  6 14 15
3 7  2  7  9 10 12 16 18
5 4  3  5 10 16
5 6 1 5 6 7 8 9
5 12  0  1  3  4  5  6 12 13 14 16 17 18
3 5  5  6  7  9 11
3 14  1  3  4  5  6  7  8 10 11 14 15 17 18 19
3 6  0  1 13 15 17 19
5 16  0  1  2  3  4  5  6  7  8  9 10 11 12 14 17 18
0 3  8 11 12
5 13  0  3  4  6  7  9 10 11 12 13 14 15 19
2 5  2  8  9 13 19
5 8  0  3  4  7 10 11 17 18
29 0
6 12  4  8  9 10 11 12 14 15 20 21 23 26
6 9  4  6  7  8 11 14 15 17 28
2 16  0  1  3  4  6  8 10 11 12 14 15 17 18 20 21 24
3 8  0 11 16 19 20 24 25 28
1 10  7  9 10 11 14 15 20 23 26 28
3 12  2  3  9 11 14 16 17 19 23 24 26 28
6 13  0  2  9 10 15 18 19 20 22 23 24 25 27
1 12  1  6  8  9 11 13 14 15 19 20 21 23
5 12  9 10 11 13 14 15 16 21 23 25 26 28
3 10  0  3  4  8 11 14 15 16 17 28
6 14  1  2  8  9 11 14 16 17 18 19 20 23 24 28
1 4  9 10 15 17
2 23  0  3  4  5  6  7  8 10 13 14 15 16 18 19 20 21 22 23 24 25 26 27 28
5 12  1  2  3  7  9 10 11 14 15 17 19 25
4 7  9 11 16 17 23 26 28
5 10  0  5  8 10 11 19 20 24 27 28
3 7  8 10 11 12 15 20 23
4 10  0  8  9 10 11 13 15 20 27 28
0 17  2  5  7  8  9 10 11 13 14 15 16 19 22 23 25 27 28
3 14  2  5  6  8  9 10 11 13 15 17 18 25 26 28
5 8  0  8 10 16 18 19 22 28
2 9  2  4  7  9 10 14 17 18 25
1 6  0  1  8 11 21 24
4 14  1  6  8  9 11 13 14 15 16 17 20 25 26 28
6 16  0  1  2  6  9 11 14 15 16 17 18 19 20 22 26 27
0 17  0  1  2  3  5  7  8 10 11 13 14 15 17 18 21 23 26
6 14  1  2  4  5  8  9 10 11 15 17 20 21 22 28
0 18  0  3  4  5  6  7  8  9 11 14 15 16 17 22 23 24 26 28
4 12  3  8  9 10 11 15 16 17 18 19 23 27
19 1
2 8  4  5  7  8 12 14 15 17
6 8  0  2  3  5 12 13 15 17
3 8  0  3  4  6  7  8 12 16
2 6  1  5  7 10 11 16
5 14  0  1  2  5  6  7  8  9 10 12 14 15 16 17
3 8  0  3  9 11 12 13 14 18
5 12  0  1  4  5  8  9 10 11 12 16 17 18
2 7  1  3  4  5  6  8 18
1 15  0  1  2  4  5  6  7  9 10 11 13 14 15 16 17
0 1 6
3 15  0  1  2  3  4  7  9 11 12 13 14 15 16 17 18
2 2 12 17
2 5 10 14 15 16 18
0 4  3  8 14 17
6 10  1  2  4  6  7  8 10 15 16 18
5 10  1  2  3  4  6  7  8 10 11 13
2 11  2  5  7  8  9 11 13 14 15 17 18
6 15  0  2  3  4  5  6  8  9 10 12 13 14 15 16 18
2 6  0  9 11 12 13 14
11 0
3 7  3  4  6  7  8  9 10
2 3  4  5 10
4 3  4  5 10
0 3 6 8 9
1 0 []
4 1 6
4 2 4 5
2 6  1  3  5  8  9 10
4 3 2 4 5
3 5 0 2 6 7 8
0 4 1 3 4 6
14 0
6 7  1  2  9 10 11 12 13
4 0 []
1 2  3 13
3 7  5  6  8  9 10 11 12
6 3  1  8 12
5 2 6 9
6 7  2  5  7  8  9 10 11
6 6  0  2  4  6  9 13
1 7  0  1  3  4  5 11 12
6 6 0 1 2 4 5 7
2 8  0  2  3  5  6  7  9 13
2 6  4  5  7  8 12 13
1 1 2
0 9  2  3  4  5  6  7 10 11 12
25 1
4 14  1  2  3  8  9 12 15 16 18 19 20 21 22 23
0 2  5 10
1 13  0  5  6  8  9 12 13 14 17 19 20 23 24
1 17  0  1  4  6  7  9 11 12 15 16 17 18 19 20 21 22 24
1 9  0  5  6  7  8  9 10 15 19
3 10  1  7 11 14 16 17 19 20 22 23
2 12  1  2  4  7  9 10 11 12 15 17 18 24
6 10  2  6  9 11 13 14 15 19 23 24
1 18  2  3  4  5  6  7  9 10 11 12 13 16 17 18 19 21 22 23
4 16  0  3  4  6  7  8 10 13 15 17 19 20 21 22 23 24
3 12  0  3  5  7  8 14 15 17 19 21 22 24
3 15  0  3  5  6  8 10 12 13 14 17 18 19 20 23 24
3 10  1  2  5  8  9 13 14 15 21 24
5 8  0  2  3  4  8 12 14 16
2 12  1  3  5  7  8 11 12 15 16 20 22 24
6 11  0  3  5  6  8  9 11 12 21 22 23
5 12  0  2  6  7  9 10 17 19 20 21 22 23
5 13  2  5  6  8  9 10 11 12 13 14 15 19 20
5 17  1  2  3  4  5  6  7  8  9 11 12 13 16 17 20 22 23
0 11  0  1  6  7 10 11 15 16 22 23 24
5 10  0  2  4  9 10 13 18 22 23 24
6 11  2  3  6  7  8  9 11 13 16 17 19
5 17  1  2  3  4  6  9 12 13 14 15 17 18 19 20 21 23 24
6 15  1  4  5  7  9 10 11 13 14 15 17 20 21 22 24
5 9  1  2  9 12 14 15 16 20 21
15 0
5 7  1  2  3  5  7  9 10
6 5  2  5  8 10 14
3 8  1  3  4  6  7  9 12 13
5 5  1  4  5 10 14
2 11  0  1  2  3  5  6  7  8  9 10 13
5 1 14
0 3  7 10 14
1 3  5  9 13
0 5  0  6  7 10 13
4 7  0  4  5  6  8 11 14
5 2  5 14
2 5  0  3  4  7 12
2 7  0  2  3  4  5 10 13
2 10  0  1  3  4  7  8  9 10 11 12
4 1 5
19 1
0 2 10 12
2 4  0  5 14 18
3 10  0  5  6  8  9 10 13 14 16 17
2 8  4  6  7 10 11 12 16 17
2 12  0  1  2  5  6  9 11 12 13 14 16 18
5 11  2  3  4  6  7  9 11 12 13 16 18
0 9  0  1  2  5  8  9 16 17 18
2 8  1  6 11 12 13 15 16 17
3 7  2  4  9 13 14 16 18
0 10  0  2  4  5  6  7 12 13 14 18
3 7  1  3  4  7  8 11 12
5 12  0  1  3  5  6  7  8 10 12 14 16 18
1 13  2  3  4  5  7  8  9 10 13 14 15 17 18
1 11  2  3  4  5  6  7  9 11 12 14 17
0 10  1  2  5  6  8  9 11 15 16 17
5 1 10
3 7  3  4 10 13 15 17 18
5 10  0  1  6  7  8  9 11 12 14 15
6 10  1  2  3  5  6  7 10 11 12 14
29 0
6 14  2  4  6  7  8  9 11 12 14 17 20 24 27 28
5 17  0  6  9 10 11 12 13 14 17 18 20 23 24 25 26 27 28
3 16  0  1  3  6  8 11 13 14 15 17 18 20 21 24 25 28
2 19  2  4  5  6  7  8  9 12 15 17 18 19 20 21 22 23 24 26 28
5 13  2  3  5 10 11 14 15 20 21 22 26 27 28
2 16  0  3  6 10 11 12 14 17 19 20 21 22 24 26 27 28
5 15  4  5  7 12 14 15 18 19 20 21 23 24 26 27 28
4 1 15
2 14  1  2  3 10 14 15 17 20 21 22 24 25 27 28
5 21  1  2  3  4  6  7 10 11 12 13 15 16 18 20 21 22 23 24 25 27 28
2 12  0  2  3  8  9 11 12 15 16 17 21 28
1 9  1  9 16 17 18 19 21 22 28
2 16  0  1  3  4  8  9 10 14 15 16 18 19 20 23 25 26
1 5 15 20 22 27 28
5 12  0  5  6  7 11 15 17 18 20 22 24 28
4 9  7 11 14 17 18 19 20 22 24
2 17  1  2  3  5 10 11 14 15 18 19 20 21 22 23 24 27 28
5 13  0  2  6  8 11 13 14 15 20 21 22 23 26
4 14  7  9 10 11 15 16 17 19 20 22 23 24 26 28
4 12  1  4  5  7  9 15 18 20 21 22 24 26
3 9  7 11 13 15 22 23 24 26 28
5 12  2  5  6  7  9 11 15 16 20 22 25 28
4 7  2  9 15 16 18 20 21
3 12  0  1  2  6 10 11 13 16 18 20 22 27
1 10  3  6  7 18 19 20 21 25 26 28
1 9  2  4  7 13 15 20 21 22 24
0 18  0  2  5  6  7  9 11 12 13 14 15 17 18 19 23 24 25 27
6 14  1  3  4  6  7 13 14 18 20 23 24 25 26 28
1 12  4  6  7 11 13 15 17 18 21 24 26 27
25 0
5 16  2  3  5  8  9 10 12 13 14 15 17 18 19 20 23 24
5 15  4  5  6  7  8 11 12 13 14 16 17 19 22 23 24
2 13  0  1  7 10 12 14 17 19 20 21 22 23 24
6 16  0  5  6  7  9 12 13 14 16 17 18 19 20 21 22 23
0 16  0  1  6  7  8  9 12 13 14 16 17 18 19 21 22 23
5 15  0  3  6  7  8  9 10 11 13 17 18 19 20 22 23
1 5 10 14 15 17 21
4 13  0  2  3  9 10 11 12 13 15 17 18 21 24
0 12  0  4  9 11 12 18 19 20 21 22 23 24
2 10  4  5  6  8 11 12 15 17 18 19
2 15  2  4  7  8  9 12 13 16 17 18 19 20 21 23 24
4 6  0  6  9 12 17 21
6 3  9 17 21
1 8  1  4  6  7  9 11 12 23
0 14  1  2  3  5  6  7  9 12 13 17 18 21 23 24
1 15  0  1  3  6  7  8  9 10 12 13 17 18 21 23 24
2 9  5  6  9 12 17 20 21 23 24
3 1 12
6 14  0  1  2  3  6  7  8 10 12 13 14 20 22 24
2 13  0  1  2  5  7  9 12 14 15 16 17 22 24
3 9  2  6  9 10 12 17 19 21 23
1 8  4  5  6  9 12 13 16 19
0 15  0  1  2  5  6 11 12 13 14 15 16 18 19 21 23
1 5  1 12 18 21 22
6 9  2  3  5  8 11 12 17 20 21
25 0
3 9  1  2  4 11 12 14 17 18 19
6 15  0  2  3  4  9 10 11 12 14 15 16 17 18 19 24
4 10  0  4 10 12 13 14 17 20 23 24
5 16  0  1  2  4  6  7  8  9 10 11 13 16 21 22 23 24
4 7  0  2  7 10 12 17 19
3 14  4  6  7  9 10 11 13 15 16 17 18 19 20 21
5 7  0  2  4 10 17 19 24
5 13  0  2  4  5  6 10 14 16 17 18 19 21 24
6 10  2  4  7 10 12 17 18 19 21 22
3 17  0  1  5  6  7  8 10 12 13 14 15 17 20 21 22 23 24
4 8  0  2  4  8 14 17 19 24
6 14  0  2  3  4  7 13 15 16 17 18 19 20 22 24
3 7  0  2  9 14 17 19 20
0 10  0  2  4  6 12 15 16 18 21 24
4 7  0  2  4 12 17 19 24
0 13  0  1  2  3  4  6  8 12 13 18 19 23 24
6 12  0  4  5  9 14 17 18 19 20 21 22 24
4 9  0  2  4  7 10 12 19 21 24
0 14  0  1  3  4  7  8  9 11 15 16 19 20 22 24
2 7  0  2  4  8 11 17 24
0 10  0  2  3 10 12 13 14 16 19 22
1 12  0  1  2  4  5  8 10 14 16 17 19 24
5 9  2  4 10 11 13 15 17 23 24
2 13  3  4  5  8  9 10 12 13 15 17 19 22 24
5 7  0  4  6 10 12 14 15
20 0
5 5  2  3  5 10 12
5 8  0  4  9 12 13 14 18 19
4 10  1  3  4  5  8 10 13 14 16 18
0 10  1  4  7  8  9 11 13 14 15 19
4 6  2  3  5 11 12 18
5 5  0  6 12 15 16
3 3  2 10 12
0 17  0  1  2  3  5  8  9 10 11 12 13 14 15 16 17 18 19
0 12  0  1  3  4  5  6  7  9 11 12 16 18
2 2  3 12
2 10  1  2  4  7  8 11 14 16 17 18
6 6  3  4  7 12 13 18
6 0 []
6 6  1  6 10 12 14 19
1 4  0 11 16 19
0 14  0  1  3  4  5  6  7  8 11 12 13 14 17 19
4 7  3  6  8 10 12 13 19
2 13  0  2  3  5  6  7  8 10 11 14 15 18 19
0 12  0  2  5  7  8  9 10 12 13 15 16 19
3 9  0  3  5  6  7  9 12 15 18
19 1
5 2 2 5
3 7  0  3  4  9 10 14 17
3 6  0  6 10 14 16 17
0 2 8 9
4 9  2  5  6  7  8 12 13 15 18
5 7  1  2  8 11 12 16 17
2 5  0  1  9 15 18
1 13  0  2  4  8  9 10 11 12 13 14 15 17 18
4 9  2  4  6  9 10 11 15 17 18
5 9  0  2  3  4  7  8 14 15 17
3 8  0  1  2  6 11 13 16 17
6 7  1  5  6 10 12 13 17
4 9  5  7  8  9 11 13 14 15 18
3 6  1  3  7 11 12 16
4 14  1  3  4  5  7  8  9 10 11 12 15 16 17 18
1 16  0  1  2  3  4  6  7  8  9 10 11 12 13 14 16 18
2 3  9 12 13
4 8  1  4  7 12 13 14 15 18
2 10  1  2  3  4  5  6  7 10 12 16
22 0
3 3  3  9 15
0 19  0  2  3  4  5  6  7  8  9 10 12 13 14 16 17 18 19 20 21
1 9  1  4  6  7  9 10 14 15 16
0 12  0  1  4  5 10 11 13 14 15 17 19 20
0 17  0  1  2  3  5  6  7  8 10 11 12 13 16 17 18 19 20
6 10  0  1  6  8  9 13 14 15 16 17
1 7  3  7 10 14 16 18 20
0 14  0  2  3  5  6 10 11 12 13 14 15 16 19 21
6 10  0  2  3  4  7 14 15 18 20 21
5 9  0  2  4  5  8 11 15 18 20
4 2  0 14
4 12  0  1  2  4  5  6 10 14 15 16 17 18
1 15  0  3  4  5  6  7  8 10 13 14 15 16 19 20 21
6 17  0  1  2  3  4  7  8  9 10 11 12 14 15 16 18 19 20
4 1 15
5 11  0  1  2  4  6  7 11 12 13 14 21
4 10  0  5  7  8 11 12 14 15 19 20
2 6  3  6 10 14 15 19
4 7  0  4  5 14 16 17 21
1 6  0  9 10 14 15 18
3 4  0  4  9 19
0 15  0  1  2  3  4  5  6  7  9 10 11 12 14 15 19
11 1
0 0 []
0 2 0 9
0 0 []
2 6  1  4  5  7  9 10
2 6 0 3 5 6 7 9
1 7  1  3  4  6  7  9 10
5 6 1 4 5 7 8 9
4 8  2  3  4  5  6  8  9 10
0 0 []
4 7  0  3  4  5  6  7 10
0 4 1 2 3 6
16 1
5 7  1  2  4  6 10 14 15
0 0 []
3 10  3  5  6  7  9 10 12 13 14 15
0 2 2 7
0 2  0 15
6 7  0  3  7  9 10 12 14
0 3  8 13 14
3 11  0  2  4  5  6  8  9 12 13 14 15
2 3  0  9 12
1 8  2  3  5  7  8 12 13 14
0 6 0 1 3 4 6 8
5 4  2  4  9 15
4 8  0  2  5  6  8 10 11 13
1 6  5  7  9 10 14 15
3 9  0  2  3  4  5  7  9 12 13
2 4  1  6  7 10
20 1
4 11  1  3  4  6  7  8 11 12 13 18 19
4 12  0  5  6  8 10 11 13 14 15 17 18 19
5 8  3  4  8 10 13 15 17 18
0 6  2  5  7  9 16 18
6 6  0  1  9 15 16 18
4 10  1  2  6  7  9 10 11 13 14 16
2 11  1  4  7  8 11 12 13 14 16 17 19
0 6  0  4  6  8 15 17
4 8  1  3  5  7 10 12 14 19
3 8  0  2  5  6  8 10 15 18
5 11  0  2  3  4  6  9 11 12 14 15 18
5 10  2  3  4  7  8  9 15 16 17 19
1 13  0  2  3  6  7  8 10 13 14 16 17 18 19
0 6  8  9 11 15 16 19
3 9  0  1  5  6 12 15 16 17 19
1 10  0  1  4  7  8  9 11 12 16 19
1 14  0  1  2  3  4  5  6 10 11 12 14 15 18 19
0 3  2  5 16
4 8  1  3  6 10 12 13 14 16
5 12  0  2  4  5  9 10 11 12 13 14 17 18
25 1
4 9  1  2  4  5 12 16 18 20 23
5 12  2  3  4  5  7  8 12 17 18 19 21 22
3 14  0  4  6  8 10 11 12 13 15 16 17 19 23 24
0 9  1  2  8 10 11 12 16 18 22
3 7  0  1  6 13 14 21 22
6 12  0  6  8 10 13 14 15 16 17 18 22 23
4 14  0  2  3  7  8 10 11 13 14 16 17 19 21 24
2 12  1  3  5 10 11 12 14 16 17 19 20 22
5 12  0  2  3  4  5  7  9 12 14 16 17 21
1 7  3  5  8 13 14 16 17
2 11  1  2  3  4  5 11 12 13 14 17 20
0 15  4  5  6  8  9 10 13 16 17 18 19 20 21 22 24
1 18  0  2  3  4  5  6  7  8  9 11 13 14 15 18 20 22 23 24
4 16  1  5  6  7  9 10 11 14 15 16 18 19 20 22 23 24
1 13  0  1  3  4  5  6  9 10 11 15 20 21 22
6 14  0  2  4  6  7  8  9 10 11 13 16 17 18 21
5 13  0  1  2  4  5  7 13 15 17 18 19 21 22
1 18  0  1  2  3  4  5  7  8  9 10 11 12 13 19 21 22 23 24
4 14  0  1  4  5  8 10 11 15 17 19 21 22 23 24
5 11  0  3  6  7  8 12 13 17 18 20 23
3 12  0  1  5  6  7  9 12 14 16 21 22 23
1 14  0  1  3  4  9 11 12 14 15 16 17 19 23 24
3 15  1  5  6  9 10 13 14 15 16 17 18 19 20 21 23
3 14  0  1  2  3  5  7  9 10 11 12 14 15 19 20
5 11  1  2  3  4  5  6  9 14 18 19 21
16 1
5 7  2  4  5  7 10 11 13
6 7  7  8  9 12 13 14 15
3 7  1  3  4  5  7  9 12
6 10  0  1  2  7  8  9 10 13 14 15
4 9  3  5  6  8  9 11 13 14 15
4 11  0  1  3  4  6  9 11 12 13 14 15
2 7  5  7  9 10 11 13 14
5 5  0  1  2  6 13
6 13  0  1  2  3  4  5  6  7  9 11 12 13 14
0 9  1  2  3  4  6  8 11 12 15
0 3  4 11 14
2 6  0  2  4  6 10 15
5 4  3  7 10 14
4 11  0  1  2  3  4  5  6  7  8 14 15
1 13  0  2  3  4  5  6  8  9 10 11 12 13 15
2 7  3  5  8  9 10 12 14
12 1
1 9  1  2  3  4  5  6  8 10 11
4 8  0  2  3  4  7  8  9 10
2 2 5 9
0 6  1  4  7  8  9 11
1 9  0  2  3  6  7  8  9 10 11
1 8  0  1  3  4  6  8 10 11
2 6  0  2  4  5 10 11
0 1 0
4 8  1  2  4  5  6  9 10 11
0 5 0 3 6 7 8
6 5 0 1 3 5 6
3 6 0 1 3 7 8 9
16 1
6 4  1  5  6 10
4 11  2  3  4  6  7  9 11 12 13 14 15
4 6  7  8 10 13 14 15
6 8  0  4  5  7  8 11 13 15
5 8  1  3  5  6  7  8 12 14
2 8  2  7  8  9 11 12 14 15
6 4  2  3  9 14
0 8  0  1  3  5  6 10 12 13
6 4  0  4 10 13
4 9  0  1  3  4  5  8 11 13 15
4 8  1  2  4  5  7  8 12 15
3 5  1  3  6  9 12
1 10  0  1  3  5  6  7  9 11 14 15
2 12  0  1  2  4  5  6  7  8  9 10 14 15
5 6  0  9 10 11 12 13
1 14  0  1  2  3  4  5  6  8  9 10 11 12 13 14
27 1
5 14  1  2  3  5  6  9 13 15 16 18 22 23 24 26
1 11  0  4  5  6 12 16 18 20 22 25 26
0 11  4  5  7  9 12 14 15 17 21 23 25
3 16  4  5  6  7  8  9 10 11 12 13 14 16 17 18 21 22
6 17  0  1  6 10 11 12 13 14 15 16 17 19 20 22 24 25 26
4 14  0  1  3 10 12 14 15 16 18 19 20 22 25 26
0 15  2  4  5  7  9 10 11 12 13 14 18 20 21 23 25
3 12  1  5  8 12 14 15 16 17 20 22 24 26
2 12  0  1  3  4  5  7  9 11 17 22 23 24
2 16  0  1  2  3  6 10 11 13 14 15 17 19 20 22 24 26
0 15  0  3  4  5  7  8 11 12 13 15 16 17 23 25 26
3 11  2  7  9 13 14 16 17 18 19 22 23
0 10  0  4  8  9 14 15 16 18 19 26
3 13  0  2  3  4  6  8  9 11 18 19 21 25 26
1 10  1  2  3  4 11 13 17 19 24 25
5 9  1  4  5  6  9 11 21 22 24
0 15  1  2  3  5  7  9 12 14 15 17 19 20 24 25 26
2 12  0  6  8  9 10 13 14 18 21 23 25 26
6 15  2  3  6  9 10 11 12 14 16 17 19 23 24 25 26
5 14  0  1  2  4  5  6  9 10 13 14 15 16 20 25
4 14  2  3  7  8  9 10 15 16 17 19 21 23 24 25
1 18  0  1  2  6  7 10 11 12 13 14 16 17 18 20 22 23 24 26
6 18  0  1  3  4  6  7  8  9 10 11 12 13 14 16 17 18 21 24
3 11  0  5  6 12 16 17 18 19 20 21 24
3 16  0  3  6  8  9 11 12 13 14 15 16 20 21 23 25 26
5 11  0  5  7  9 10 20 21 22 23 24 26
2 12  0  1  2  3  4  5 11 14 19 21 24 25
29 1
6 17  1  2  3  4  6  7  8  9 11 13 17 18 19 21 24 27 28
0 17  0  5  6  7 11 12 13 15 16 17 18 20 21 22 26 27 28
4 17  3  6  7  8  9 10 11 12 13 15 17 19 20 22 23 24 25
6 14  0  1  2  4  5  7 10 13 19 20 21 24 25 28
6 8  5  8 12 15 16 17 21 27
4 16  1  2  3  6  7  8 10 13 14 17 18 19 23 24 25 27
5 11  2  3  4  9 14 20 21 23 24 25 28
5 16  0  3  5  9 10 11 14 15 20 21 22 23 24 25 26 27
5 18  0  1  2  3  5  7  9 11 13 14 15 20 21 22 23 25 27 28
6 16  0  3  4  5  6 10 12 14 15 18 19 22 25 26 27 28
4 8  2  6  7  8 12 21 23 24
1 14  0  4  5  8 10 13 14 17 18 20 21 22 23 28
0 14  0  2  3  8 10 16 19 20 21 22 23 26 27 28
0 9  0  2  4 10 19 20 21 25 27
1 16  1  2  3  5  6  7 11 15 16 17 18 19 21 22 24 28
5 13  1  8 11 16 17 18 21 22 23 24 25 26 28
4 14  1  2  3  8  9 11 14 17 18 19 21 26 27 28
0 12  0  1  3  4  5  7  9 13 16 21 25 28
2 16  0  1  4  5  6 10 14 15 17 19 20 22 23 24 25 28
1 15  1  2  4  5  7  8  9 10 11 12 13 18 22 23 26
6 13  1  7  9 12 15 17 19 21 22 23 24 26 28
5 17  0  1  3  6  8 10 12 14 15 16 18 19 20 23 26 27 28
2 12  1  2  3  9 12 13 15 16 18 19 21 28
2 11  1  4  9 10 11 13 14 17 18 20 22
3 17  0  1  6  7  9 10 11 13 14 15 16 18 19 21 22 23 26
6 12  2  3  5  6  8 13 14 15 18 20 24 27
0 11  6  7  9 10 11 17 19 20 21 22 28
1 13  4  7 11 12 17 18 21 22 23 24 25 26 28
0 12  4  5  6  8 11 13 14 15 17 24 25 26
18 1
1 15  1  2  3  4  5  6  7  9 10 11 12 13 14 16 17
3 5  2  5  8 11 15
5 5  3  7  8 10 16
4 13  1  2  4  6  7  9 10 11 12 13 14 16 17
4 14  0  2  3  5  6  7  8 10 11 12 13 14 16 17
2 5 11 13 15 16 17
6 12  0  1  2  5  7  8  9 10 11 13 15 17
1 10  2  5  6  8 12 13 14 15 16 17
2 3 10 15 17
1 14  1  2  3  4  5  6  7  8 10 12 13 14 15 16
4 3  3  9 15
3 5  0  8  9 16 17
2 4  1  2 16 17
3 7  0  2  4  6  8 10 16
4 11  0  1  4  5  6  7  8  9 11 13 17
2 2 1 8
3 4  1  2  3 17
3 5  0  4 12 13 14
17 0
0 7  2  3  4 11 14 15 16
6 10  0  2  4  5  7 10 11 12 14 16
1 0 []
5 4  4  5  8 16
0 8  0  1  2  3  6  7 13 16
0 7  1  2  6  7  8 10 15
4 3 10 15 16
5 10  1  3  8  9 10 11 12 13 15 16
0 8  1  3  4  5  7 10 11 13
2 9  0  1  2  4  8 10 11 13 15
2 8  2  5  7  9 11 12 14 16
3 5  0  8  9 12 13
2 9  0  1  4  5  8  9 10 14 15
2 9  0  4  5  6  8  9 10 11 14
2 8  0  1  6  7  8  9 10 11
3 4  6 10 11 12
4 2 2 9
12 0
3 3  4  6 10
2 7  0  4  5  7  8  9 11
6 0 []
1 1 2
2 5 1 2 5 7 9
0 6  3  4  7  8  9 10
4 0 []
4 5  2  3  4  6 10
3 7  0  3  4  5  7  9 11
1 1 2
4 2 4 6
5 4  2  4  8 10
17 1
6 9  1  2  3  8  9 11 12 15 16
6 7  0  4  7  9 10 11 16
3 10  3  4  5  6  7  9 10 11 13 16
1 10  1  2  4  6  7 11 12 13 14 16
1 9  0  3  6  7  8  9 13 14 16
4 10  0  1  2  3  6  7  9 11 12 14
4 9  0  1  3  5  8 11 13 14 16
3 13  1  2  4  5  6  8 10 11 12 13 14 15 16
5 7  0  5  6  9 10 13 15
3 10  0  2  3  4  5  7  8 10 12 15
0 2  4 14
0 6  5  6  7 13 14 15
0 4 2 4 6 9
4 10  0  3  4  7  8  9 10 12 15 16
5 9  1  2  4  5  7 12 13 15 16
5 10  0  1  3  5  6  7  9 13 14 16
5 10  1  2  3  5  8 10 11 12 13 15
20 1
1 15  1  2  4  5  6  7  9 10 11 12 13 14 16 18 19
0 6  4  5  7  8 18 19
6 10  0  1  3  4  6  8  9 12 15 16
4 12  1  2  5  6  8  9 10 11 12 15 16 17
3 3  0 13 16
2 15  0  1  2  3  6  7  9 10 11 12 14 16 17 18 19
5 9  0  3  4  7  8 11 12 13 17
2 8  5  6 11 12 14 15 17 19
6 11  0  2  3  4  5  6  7 10 11 16 18
6 9  0  1  2  3  4  7  8 10 19
3 10  1  2  3  5  6  8 13 14 15 19
0 8  0  2  3  6 12 15 17 19
4 13  0  2  3  5  7  8 13 14 15 16 17 18 19
3 6  5  6 14 15 17 18
5 8  0  2  4  7  8 12 13 18
1 8  1  3  5  7  9 10 11 13
0 7  0  1 10 12 14 17 19
2 11  1  2  4  5  6 10 11 12 13 18 19
0 5  1  8 11 13 15
1 14  0  1  3  4  5  7  8  9 10 13 14 16 17 18
12 0
1 2  1 10
4 3  5  7 10
2 6  0  1  3  4  9 10
2 5  1  2  8 10 11
5 4  2  5  6 10
4 2 2 8
3 7  1  3  4  5  8 10 11
4 0 []
1 1 10
5 5  2  5  8 10 11
3 3 4 5 7
2 8  0  1  2  4  6  8  9 10
21 1
3 12  1  5  6  8 10 11 13 15 16 17 18 20
2 8  0  3  4  7 13 14 16 20
1 17  0  3  4  5  6  7  8  9 10 11 12 13 14 16 17 18 19
0 7  4  6 10 11 12 13 14
5 13  0  1  5  6  7  9 10 11 14 15 17 19 20
0 3  2  6 10
3 11  0  2  4  5  8  9 12 13 17 18 19
2 9  2  3  4  5  8  9 11 17 18
6 10  0  1  4  7  9 10 14 15 17 20
1 12  1  2  3  4  5  6  8 12 14 15 16 18
3 11  2  4  6  7  8 15 16 17 18 19 20
2 10  0  2  3  7  9 10 12 15 17 20
2 9  1  3  4  5  6 10 14 19 20
0 6  0  1  8 11 14 16
2 9  6 11 12 13 16 17 18 19 20
2 7  0  1  2  6  8 11 16
1 17  0  1  2  3  4  6  8  9 10 11 12 13 14 15 18 19 20
1 15  0  1  2  3  6  7  8  9 10 11 12 14 15 16 18
2 7  5  7  9 12 14 15 17
0 4  9 13 15 16
5 6  0  1  2  3  7 19
18 0
1 4  3  5  6 16
5 6  2  3  5  9 16 17
1 1 14
5 7  1  2 10 11 14 15 17
0 13  0  1  2  5  6  7  8 10 12 14 15 16 17
2 16  0  1  2  3  6  7  8  9 10 11 12 13 14 15 16 17
4 2 2 8
2 8  1  2  3  4  6 11 14 15
6 5  0  1  7 13 14
2 4  0  4 11 14
1 11  1  2  3  4  5  6  8 11 12 15 17
0 10  0  1  2  4  5  7  8 12 13 15
5 12  0  1  2  3  4  6  9 10 14 15 16 17
3 7  0  2  9 10 12 14 15
0 12  0  2  4  6  7  8  9 10 11 15 16 17
5 8  2  3  4  5  7  9 11 12
5 3  6 11 17
3 8  2  5  8 10 12 13 14 15
18 1
5 3  5  7 17
1 13  2  3  4  5  7  8 10 12 13 14 15 16 17
6 7  1  9 11 12 14 16 17
2 6  4  6  8  9 12 15
2 5  0  3 11 14 17
2 3  1  2 14
4 11  0  1  2  3  7  8 11 13 15 16 17
2 4 0 3 5 6
6 13  0  1  2  4  5  6  7  9 10 14 15 16 17
4 7  1  2  6 11 12 13 15
2 4  3  4 14 15
1 13  1  2  4  5  6  7  8  9 10 12 13 14 16
3 6  0  2  4  7 15 16
1 14  0  3  5  6  7  8  9 10 11 12 14 15 16 17
4 10  1  3  4  6  8  9 10 11 13 17
5 9  0  3  4  7  8  9 10 12 13
6 4  0  5  8 12
2 8  2  4  8  9 10 11 13 14
10 1
3 5 1 2 6 7 9
1 8 0 2 3 4 5 6 7 8
4 5 0 3 4 5 8
4 5 1 2 4 5 6
1 4 0 2 3 5
4 5 0 1 4 7 9
0 2 1 3
5 2 8 9
6 2 0 3
0 2 1 2
18 1
5 10  1  4  5  6 10 12 13 15 16 17
5 7  5  6  9 11 14 16 17
1 11  0  1  3  4  5  7  9 10 13 16 17
4 13  0  1  2  5  6  7  8  9 10 12 13 16 17
5 6  0 11 12 13 15 17
5 4  0  8 12 15
2 5  1  2  8 12 16
6 10  1  2  3  4  5  6  8 12 13 17
1 12  1  3  6  7  9 10 11 12 13 14 15 17
6 9  0  3  4  7  8 11 12 13 14
3 10  0  1  3  5  6  7  8 11 14 15
2 6  0  4  7 10 14 15
2 7  7  8  9 10 11 16 17
0 9  2  3  4  6  8 14 15 16 17
2 7  0  3  5  9 13 16 17
2 4  2  4  5 13
1 17  0  1  2  3  4  5  6  7  8  9 10 11 12 13 14 15 17
4 11  1  2  3  6  7  8  9 10 11 14 16
24 0
2 10  2  4  7  8 10 11 12 15 19 20
2 7  0  4  9 12 14 16 17
2 8  1  4  5 11 12 13 15 22
0 17  0  1  2  4  6  8  9 13 14 16 17 18 19 20 21 22 23
4 7  6  7  9 16 17 19 23
3 12  0  3  7  8  9 11 12 15 16 17 19 22
4 9  1  4  5  7 12 14 15 16 17
3 7  4  8 12 13 14 18 23
6 11  5  6  9 12 14 15 17 20 21 22 23
3 8  4  7 10 12 13 15 16 19
5 13  1  2  4  5  7  9 12 14 17 19 20 22 23
0 13  0  4  5  6  7  8  9 12 14 16 17 20 22
2 1 8
0 17  0  1  3  6  7  9 10 11 12 14 15 16 18 19 20 21 22
0 11  0  1  3  4  5  6  7 10 15 18 21
2 15  1  2  3  4  8  9 10 11 12 13 14 18 19 22 23
5 2 0 4
1 5  2  4 10 14 21
0 13  0  2  4  6 10 11 12 15 17 19 20 22 23
6 13  2  3  4  5  8  9 11 12 13 16 17 18 20
0 12  0  2  3  4  5 10 12 14 16 17 21 23
1 5  4 12 16 18 20
6 14  1  4  6  7  8  9 11 12 13 14 15 16 21 23
5 17  0  1  3  4  5  6  7  8  9 11 12 14 15 16 18 19 21
16 0
1 8  2  6  8 11 12 13 14 15
5 7  2  3  4  9 10 11 14
0 12  0  1  3  4  7  8  9 11 12 13 14 15
4 8  1  2  5  6  7  9 12 14
0 8  0  1  3  6 10 11 12 15
1 1 1
1 6  1  4  5  7 11 14
4 8  2  5  6  9 11 12 13 14
3 6  3  5  7  9 12 14
2 5  0  1  7  8 14
6 3  1 12 14
4 8  0  1  2  4  5  6  9 13
5 3 13 14 15
4 6  5  6  9 10 14 15
3 1 9
2 7  2  4  5  9 11 12 14
28 1
3 15  2  3  5  9 10 11 12 14 16 17 18 19 20 21 22
6 13  2  3  5  6  8 12 14 15 18 21 23 25 27
5 18  0  1  3  4  6  9 11 14 15 16 17 18 19 20 21 24 26 27
0 13  1  6  7 11 12 15 16 20 22 23 24 26 27
6 10  0  1  3  5  9 11 16 22 23 25
1 21  0  2  3  7  8  9 10 12 13 15 16 18 19 20 21 22 23 24 25 26 27
5 12  0  1  3  8 14 15 18 20 23 24 25 27
4 16  3  4  5  6  8 12 13 14 16 17 19 20 21 22 23 25
6 15  0  4  5  6 11 12 13 15 16 18 20 21 23 25 27
6 14  1  2  3  6  7 11 13 14 15 16 18 21 22 26
3 10  0  1  5  6  9 11 12 13 18 24
4 13  0  2  4  6 10 12 18 19 20 21 22 25 26
4 17  2  3  7  8  9 10 11 13 14 15 20 21 23 24 25 26 27
0 15  0  2  3  8  9 10 11 12 14 18 19 22 25 26 27
2 14  0  1  2  4  5  6  9 12 13 15 17 19 20 24
1 14  0  1  3  5  6  7  8 10 13 17 22 23 24 27
0 13  0  1  4 10 11 12 13 19 20 22 23 24 26
4 11  2  3  8  9 13 16 18 19 21 22 23
2 11  0  3  4  6  7  8 13 15 19 25 26
2 15  0  2  3  4  5  7  8 10 11 12 17 21 23 24 26
5 12  2  3  4  5  8  9 11 13 15 19 24 27
0 13  2  3  5  6 12 13 15 16 18 19 25 26 27
6 13  0  5  6  7  9 12 14 15 17 18 24 25 26
2 16  0  1  3  4  5  7  9 15 16 17 18 19 20 21 22 27
4 15  0  2  4  5  7 10 12 14 15 16 17 21 22 25 27
6 11  4 13 14 16 18 19 22 23 24 26 27
1 14  2  3 10 12 13 14 16 17 18 19 21 23 24 25
6 11  0  1  2  5  7  8  9 14 17 25 26
23 0
6 4  1 14 18 20
5 6  2  6 11 13 18 20
3 9  1  6  8  9 11 14 19 20 21
6 10  1  4  7 10 13 14 17 18 20 21
6 15  1  2  3  5  6  7  9 10 11 12 14 15 19 20 21
3 10  0  1  6  7  8  9 11 14 18 20
0 8  0  2  3 12 13 14 18 21
1 7  2  3  4  5  9 15 20
6 13  0  2  3  5  7  9 12 14 15 18 20 21 22
0 5  1  6 11 15 17
0 13  0  1  2  4  5  6  7  8  9 11 14 16 22
4 9  0  1  2  5  7 18 20 21 22
5 9  0  1  2  7  8 10 14 17 18
6 8  2  3  7  8  9 14 15 21
1 6  0  1  2  3  7 18
2 15  0  1  3  5  6  7  8  9 10 11 14 16 18 21 22
6 7  0  1 10 11 13 14 18
3 14  0  3  4  5  7  8 11 13 14 16 18 19 21 22
0 2  2 11
3 16  0  1  2  3  5  6  7 11 12 14 15 16 17 20 21 22
4 5  1  6 11 14 18
3 8  2  3  4  6 11 14 16 20
2 16  1  2  3  4  5  6  7  8  9 11 12 13 14 15 20 21
14 0
1 4  2  5  7 12
2 5  7  9 11 12 13
4 1 3
3 4  2  8 11 12
4 3  2  3 11
4 6  0  1  2  7  8 11
1 7  0  4  7  8 10 12 13
0 7  2  5  6  9 10 11 13
0 6  0  2  3  4  5 11
0 5  0  2  3  8 11
1 5  1  3  7 11 13
4 2 2 3
2 5  1  2  4  7 11
1 4  0  2  4 10
10 1
5 4 2 3 5 8
2 3 0 7 8
6 2 1 6
1 8 0 1 2 4 6 7 8 9
6 4 0 1 3 6
2 3 4 6 9
4 7 0 3 4 5 7 8 9
3 5 1 4 5 8 9
4 7 0 1 2 3 4 7 9
5 4 2 3 5 6
15 0
4 6  2  9 10 11 12 13
6 7  0  3  4  5  6  9 11
2 9  1  5  6  7  8 10 11 13 14
4 9  0  1  2  4  6  8  9 11 12
5 6  0  1  8  9 11 13
0 10  1  2  4  8  9 10 11 12 13 14
5 9  0  1  3  5  7  9 11 12 13
3 5  0  2  4  9 11
6 8  2  7  9 10 11 12 13 14
4 0 []
6 7  0  3  4  7  8  9 14
4 2 8 9
2 5  1  2  6  7 11
2 3  1  9 11
1 10  0  2  5  7  8  9 10 11 12 13
16 1
3 9  1  3  4  5  7  8 10 11 14
5 10  0  3  6  8  9 10 12 13 14 15
6 10  0  3  4  6  8  9 10 11 14 15
6 12  0  1  2  4  5  6  9 10 12 13 14 15
5 4  5  8 10 15
2 5  2  3  8  9 12
3 11  1  3  4  5  7  9 10 11 12 13 14
0 2  6 12
0 3  5 11 13
6 9  0  1  2  3  4  6  7 12 15
2 6  1  2  6  7  9 13
2 7  0  1  2  4 12 14 15
0 8  0  2  7  9 11 13 14 15
4 10  0  1  2  3  5  9 10 12 14 15
2 7  0  1  3  5  6 11 13
5 7  4  5  6  7 10 13 14
17 1
1 12  1  2  3  6  8  9 10 11 12 14 15 16
4 10  0  2  3  5  8  9 11 14 15 16
2 5  0  3  7 11 14
2 6  0  6  7  8 13 16
0 6  1  6  7  8 11 16
1 9  0  1  4  6  8  9 14 15 16
0 2 3 9
0 3  8 10 15
6 9  0  1  2  3  9 11 13 14 15
2 8  0  1  2  7  8 11 15 16
5 7  3  4  6  8 12 14 15
2 7  0  1  2  3  9 13 14
2 7  0  4  5 10 11 13 16
6 4  2  7 11 16
6 7  1  6  8  9 11 13 15
2 8  1  2  4  6  8 11 13 16
4 10  0  1  3  5  7  8  9 10 13 14
15 0
0 9  3  4  5  6  7  8 10 11 13
4 6  5  6  7  8 11 13
2 7  0  1  3  6  9 10 14
1 5  1  8  9 10 13
3 9  0  2  3  7  8  9 10 11 12
6 5  2  3  6 10 14
1 2 5 8
4 2  6 11
4 5  6  7 11 12 13
0 10  0  1  4  7  8 10 11 12 13 14
6 10  0  2  4  5  6  7  8 11 12 14
4 3 5 6 7
0 7  0  2  4  5  6  9 10
6 3 6 7 8
3 8  0  1  3  5  6  9 12 13
15 1
1 12  1  2  3  4  5  6  7  9 11 12 13 14
4 8  0  3  4  5  6  8 10 11
6 8  0  4  6  7  8 10 11 13
0 5  2  7  9 10 14
5 7  0  2  3  5  9 10 14
3 12  0  2  3  4  6  7  8  9 10 11 12 14
1 11  0  1  2  3  4  5  7  9 10 11 13
2 10  0  1  2  5  8  9 11 12 13 14
3 5 1 4 5 6 9
6 7  1  3  6  7 11 12 13
0 5  5  8 11 12 14
3 10  0  1  2  5  6  8  9 12 13 14
3 4  5  6  7 14
0 2 0 2
4 9  0  1  2  3  4 10 11 12 13
24 1
2 13  2  3  4  8  9 10 13 14 15 18 20 22 23
0 12  3  5  7  9 10 12 13 14 16 17 19 20
5 8  0  3  7 10 11 12 16 20
5 8  6  7 11 12 14 16 22 23
2 5  2  9 13 19 23
1 17  0  1  6  7  8  9 10 11 13 15 16 18 19 20 21 22 23
4 12  1  2  4  5  8 16 17 18 20 21 22 23
6 8  0  2  4  5 11 12 19 21
1 18  1  3  4  7  9 10 11 12 13 14 16 17 18 19 20 21 22 23
2 15  0  1  4  5  6  7  8 10 11 12 13 15 16 20 21
0 4  0  9 13 21
4 13  0  1  2  6  7 12 15 16 17 18 19 20 23
4 13  1  5  6  8  9 11 14 16 17 18 20 21 22
0 9  1  3  4 14 15 19 20 21 23
2 8  6  9 13 15 18 19 21 22
3 7  2  4  9 10 11 12 18
4 11  1  2  5  8  9 11 13 14 17 18 21
1 16  0  1  5  6  7  8  9 11 12 13 14 15 19 21 22 23
4 13  0  4  6  7  8 11 13 14 15 16 17 21 23
3 10  1  2  3  4  5  8 17 20 22 23
2 10  0  1  2  3  7  8 11 13 17 23
2 10  0  3  5  7 11 12 15 16 20 23
6 12  0  1  3  5  8  9 10 11 14 16 18 23
5 9  2  3  4  6  8  9 10 17 22
26 1
6 10  8  9 11 17 18 19 21 23 24 25
0 10  6  7  8 13 14 19 21 23 24 25
0 13  0  3  6  9 12 13 14 15 16 19 21 22 24
4 11  2  6  7 12 13 19 20 21 22 23 24
0 13  1  2  5  7  9 12 13 16 18 19 20 21 24
4 15  1  2  4  7  9 10 11 12 14 16 17 18 19 23 24
1 15  0  2  4  5  7  8  9 11 13 14 16 18 22 23 24
3 15  0  1  3  5 11 14 15 16 17 18 20 21 23 24 25
1 12  0  2  4  5  9 10 14 15 21 22 23 24
4 14  0  1  4  5  7 10 12 15 16 17 19 21 23 25
1 19  0  1  2  3  5  6  7  8 11 12 13 15 16 18 19 20 21 23 24
1 14  1  2  3  4  5  6  7  8  9 10 12 13 15 22
6 16  0  2  4  5  7  9 10 11 13 14 15 16 17 19 21 22
4 12  0  1  7  9 10 11 12 15 22 23 24 25
3 11  0  2  4 11 16 17 18 19 20 24 25
5 14  1  6  9 10 11 12 13 16 17 18 20 21 23 25
0 12  1  2  4  5  6  7  8 11 14 17 19 25
4 16  1  3  5  6  7  8 10 12 13 14 15 18 19 23 24 25
3 13  0  1  7  9 15 16 17 19 20 21 22 23 25
1 13  0  3  6  7  8  9 10 12 15 16 17 18 20
5 10  1  3  5  8 12 13 14 18 23 25
4 12  1  4  8  9 12 14 17 19 20 22 24 25
6 9  2  3  7  9 12 15 17 18 21
4 8  5  7  9 11 13 21 22 24
2 14  0  1  4  5  6  9 10 14 16 17 19 20 22 25
1 17  0  1  3  6  7  8 10 11 13 14 16 18 19 20 21 22 24
10 1
4 6 4 5 6 7 8 9
0 2 2 9
6 6 1 3 4 5 6 8
6 2 2 7
4 6 0 2 3 5 6 8
0 4 1 3 4 8
6 4 0 5 7 9
1 5 1 2 4 5 9
1 8 0 2 3 4 5 6 7 9
6 5 0 2 6 7 8
15 1
2 8  2  8  9 10 11 12 13 14
0 4 3 4 6 9
0 5  0  3  4 10 14
6 9  2  4  6  7  8  9 10 11 13
2 7  0  1  5  7 10 11 13
5 1 8
2 5  1  2  4  5 14
6 4  3 11 12 13
4 9  0  2  3  4  6  9 12 13 14
3 7  0  1  7  8 10 11 12
6 9  0  1  2  6  8  9 11 13 14
1 8  0  3  5  6  7 12 13 14
5 3 2 5 7
2 8  1  3  4  8  9 10 11 14
5 10  0  1  2  3  4  6  7  8  9 12
25 0
0 14  1  3  4  6  8 10 13 14 15 17 19 20 21 22
6 13  5  6  7  9 11 15 16 17 18 20 21 22 24
5 12  4  5  6  7  9 13 14 19 20 21 23 24
4 7  5 14 17 19 20 21 22
3 7  0  3  5  6 13 14 20
6 9  3  6  8 11 13 14 16 19 21
3 13  1  3  5  8 10 11 13 14 15 19 22 23 24
4 16  1  3  5  6  8 10 11 12 13 17 18 19 21 22 23 24
4 4  6 13 19 20
6 17  0  1  2  3  4  6  7 11 12 13 14 15 16 18 20 21 24
3 15  0  2  3  4  5  6  7  8 11 12 13 14 17 20 21
3 2 20 21
2 17  0  2  3  4  6 10 11 14 15 16 17 18 20 21 22 23 24
5 9  3  6  8  9 12 15 19 20 21
3 10  2  3  8  9 10 11 13 16 17 20
6 14  1  2  3  5  6  8  9 10 11 13 14 17 21 24
0 10  2  3  4  5  6 13 17 21 23 24
0 14  1  2  4  6  7  9 10 13 16 18 20 21 23 24
1 4 11 19 20 21
1 4  6 11 17 18
6 5  5  8 14 19 22
5 8  0  3 11 13 14 17 18 20
4 10  2  5  9 10 11 14 19 20 21 23
3 11  0  3  5  8  9 13 14 16 17 19 20
4 10  4  5  6  8 11 14 15 17 19 21
16 1
3 3  4  5 14
3 2  5 12
2 12  0  3  4  5  7  8  9 10 12 13 14 15
3 12  1  2  4  5  6  7  8  9 12 13 14 15
3 7  1  2  7  8  9 10 12
5 6  2  3  4 10 13 15
1 13  0  1  2  3  4  5  7  8 10 11 12 14 15
2 3  3  9 10
6 7  2  3  5  6 11 12 13
4 9  1  2  3  6  8 12 13 14 15
5 3  0  7 15
6 4  0  4  8 14
0 8  1  2  5  6  7  8  9 15
4 9  0  2  3  4  5  6  8  9 11
2 2  1 11
3 3  6 11 13
22 0
5 5  1  3  5 11 20
4 8  0  3  4  5 11 15 18 20
5 12  0  1  3  4  5  6 15 16 17 18 19 20
3 9  0  1  9 10 16 17 18 19 20
0 2  5 20
5 5  0  7 12 18 20
6 12  1  3  4  5  7  8 11 12 14 15 16 17
1 6  0  1  3  5 17 20
3 7  1  3 16 17 18 19 21
3 8  0  4  5 12 17 18 19 20
6 12  1  3  4  9 11 13 14 15 16 18 19 21
3 10  3  5  6 10 15 16 17 18 20 21
2 12  0  1  2  3  8 13 15 16 17 18 20 21
2 13  2  4  5  8 10 12 14 16 17 18 19 20 21
3 12  0  6  7  9 11 13 15 16 17 18 19 20
1 7  0  3  5  9 12 17 20
0 11  0  2  5  6  7 10 11 13 14 17 20
6 4  4  5 18 20
4 7  0  1  3  4  8 17 20
1 6  0  3  4  5 11 18
5 9  0  3  4  5 14 16 17 18 21
0 11  0  1  2  3  4  9 11 13 17 18 20
12 1
5 6  2  4  5  8  9 11
2 3 0 4 9
3 3  7  8 10
5 3  6  9 10
1 11  0  1  2  3  5  6  7  8  9 10 11
6 5 0 1 3 7 8
4 10  0  1  2  3  4  5  7  8  9 11
3 5  0  4  5 10 11
5 1 3
3 4 1 2 4 6
2 3  1  2 11
2 3 5 6 7
20 0
3 7  2 10 11 13 15 16 19
3 2 16 19
3 9  1  6  8 10 11 13 14 15 16
4 9  0  7  9 11 14 15 16 17 19
0 13  0  1  3  6  7  8  9 11 13 14 15 18 19
6 8  1  3  4 11 15 16 17 19
3 8  0  1  9 13 14 15 16 17
1 3  1 13 19
0 13  0  2  4  5  6  7  9 10 14 15 16 18 19
6 6  1  4 10 11 13 15
1 5  1  8 13 17 19
5 9  1  4  9 10 13 15 16 18 19
0 12  0  1  4  5  6  9 10 11 13 14 17 18
3 7  0  1  5 15 16 18 19
5 14  0  1  2  3  4  5  6  9 10 11 13 17 18 19
6 12  1  3  5  6  7  8 10 11 13 14 16 17
1 3  1 10 15
2 5  1  5  7 13 16
1 5  1  6  7 16 17
0 10  0  1  2  4  6  9 10 12 16 17
15 0
5 7  2  4  6  7  9 11 14
5 9  0  3  4  5  7  9 11 12 13
0 2  3 10
4 0 []
1 2  3 14
5 5  2  8 10 11 12
2 9  0  1  2  3  4  9 10 12 13
2 5  1  4  8 13 14
1 5 3 4 6 7 9
2 10  0  1  3  4  5  6  8 11 12 14
0 3 3 4 7
5 10  1  2  3  5  6  7  8  9 13 14
1 4 0 2 3 4
3 6  3  4  5  6  7 14
0 7  3  4  5  6  7 10 11
11 1
6 6  1  4  7  8  9 10
6 2 0 3
4 4 4 5 8 9
6 5  0  1  6  8 10
5 4 1 3 6 7
2 7  0  1  3  4  8  9 10
4 5  0  3  5  8 10
0 2 8 9
6 5  0  3  6  9 10
5 6 0 1 3 4 6 7
0 3 4 7 9
14 1
5 6  1  2  4  9 12 13
3 5 0 3 6 7 9
3 2 3 8
6 6  2  6 10 11 12 13
2 3  7  9 11
6 2 0 1
1 8  1  3  4  7  8 10 11 12
6 7  1  4  8  9 10 11 13
5 3  0  7 12
6 4  5  6 10 12
2 9  0  1  3  4  5  6  7 12 13
6 5  2  4  7 10 12
1 12  0  1  3  4  5  6  7  8  9 10 11 13
0 3  1  5 11
29 1
6 11  2  6  9 12 13 15 18 20 22 25 27
1 16  2  5  8 10 11 13 14 15 16 20 21 22 23 24 25 27
5 12  0  3  4  7 12 13 14 18 21 24 27 28
0 4  0  1 27 28
4 16  0  1  2  5  6  8 13 14 15 16 17 18 19 23 25 26
6 19  0  2  3  4  6  7 10 12 14 15 16 17 18 19 23 24 25 27 28
3 15  0  3  4  5 11 14 15 16 17 18 19 21 23 27 28
2 15  0  1  3  5  6  8 15 17 20 21 22 23 25 27 28
4 15  0  5  6  7  9 10 11 16 19 20 21 22 24 25 28
5 13  0  4  7 10 11 14 16 19 20 21 23 25 28
2 5  0  3 13 15 26
2 14  0  3  4  5  7 10 12 13 14 15 18 21 23 28
5 14  1  4  5  8 10 13 15 16 18 19 21 22 23 24
6 14  1  2  3  4  6  7  9 12 15 18 19 20 25 28
4 12  1  4  5 12 13 16 17 18 22 23 26 28
6 12  0  1  2  8  9 11 14 16 18 24 25 27
3 16  2  4  6  8  9 11 12 14 15 17 18 21 23 24 25 28
0 9  8 11 12 13 15 16 20 21 22
4 14  2  5  6  7 11 12 14 16 17 20 21 24 26 27
6 14  0  4  7  8 10 12 13 14 16 18 21 23 25 28
1 15  0  1  2  3  4  7 12 16 22 23 24 25 26 27 28
3 15  1  3  5  7  8 10 12 14 15 16 18 19 20 23 27
1 13  0  1  5  8  9 14 16 19 20 21 23 25 26
4 12  1  4  6  8  9 13 14 20 22 24 25 26
6 15  0  1  2  4  5  9 11 12 13 14 16 19 20 22 25
0 11  7  9 10 11 12 16 17 18 19 22 24
4 12  2  5  6  8  9 14 17 18 20 23 25 27
0 7  1  4 11 15 18 20 23
0 9  0  5  7  9 10 13 17 24 27
12 0
0 5  3  4  8  9 10
5 7  0  2  3  4  5 10 11
4 1 8
2 5  0  1  9 10 11
0 5  1  2  5  9 10
4 7  0  1  2  3  4  8 11
3 6  0  1  2  5  9 10
2 6  1  3  4  9 10 11
4 1 4
5 6  1  2  4  7 10 11
2 3 2 5 9
5 5  2  3  6  9 10
13 0
5 6  1  4  6  8  9 10
4 2  9 10
5 3  8  9 10
0 2  9 10
3 5  5  6  7  8 12
3 6  1  3  4  6  9 12
2 8  0  4  5  7  8  9 10 11
6 6  2  3  4  6  9 10
5 5  0  2  6  9 10
2 2  2 10
1 1 9
2 4  1  2  4 12
1 4  2  8  9 10
25 1
4 11  1  3  8 10 11 13 20 21 22 23 24
3 12  2  3  5  7  8 10 12 13 18 19 21 22
5 10  1  5  6  7  9 11 13 15 16 18
4 14  0  1  4  6  8  9 12 15 16 17 21 22 23 24
2 12  2  5  8 11 12 15 17 19 20 21 22 24
0 16  0  2  3  7  8  9 10 11 13 14 16 17 18 19 20 23
1 13  0  2  3  4  9 12 15 16 17 20 21 23 24
3 12  1  2  8 11 12 13 14 15 17 21 22 23
5 13  0  1  2  3  4  6  9 10 14 15 18 22 24
1 14  0  2  3  4  8 10 11 12 14 16 17 22 23 24
6 12  1  2  5  6  9 11 12 13 14 15 18 20
6 13  0  1  2  4  7 15 17 18 19 21 22 23 24
4 17  0  2  3  4  5  6  8  9 10 14 15 17 19 20 22 23 24
5 9  0  5  9 14 16 17 18 19 23
1 15  0  1  2  4  6  7  8 10 11 13 16 17 19 20 22
3 8  2  3  4  7 11 16 17 19
2 13  0  3  4  8 11 13 15 17 18 19 20 22 23
0 11  0  3  4  7  8  9 10 12 20 21 22
1 16  0  1  3  6  7  9 10 11 13 14 15 16 17 21 22 23
0 10  4  6  8 10 12 13 14 16 20 23
3 8  3  4  6 12 14 15 16 24
0 11  1  2  3  5  6  7  8  9 11 12 15
6 10  2  4  5 10 11 12 14 18 23 24
3 12  2  6  8 10 13 14 16 18 19 20 22 24
4 16  1  2  3  5  6  7 10 11 14 15 16 17 18 21 22 23
18 0
3 6  3  8  9 10 16 17
3 7  0  5  7  9 10 13 14
5 7  4  5  6  7  9 12 14
2 5  0  4  7  9 16
2 7  0  5  7  9 10 12 14
6 6  1  4  7  8 10 11
2 5  0  7  9 10 13
2 9  0  2  3  4  6  9 11 15 16
2 7  0  3  4  7  9 11 16
1 1 10
4 1 9
6 8  0  1  3  5  7 12 13 17
0 12  0  2  4  5  6  8  9 11 13 15 16 17
2 7  3  4  9 10 11 14 16
6 8  2  3  4  7  8 10 13 15
0 7  2  4  7  9 10 11 16
2 12  0  1  2  4  6  7  8  9 10 11 12 14
3 10  3  4  5  6  8  9 10 11 14 16
19 0
1 0 []
4 12  0  2  4  5  6  7  8 10 11 12 14 15
3 11  0  1  4  6  8  9 11 13 15 16 18
1 5  4  7 10 15 17
4 2 14 17
3 7  4  6  9 12 14 16 17
1 3 3 4 8
2 8  0  1  2  8  9 12 15 17
5 5  5  6  9 14 17
3 10  2  5  6  7  8 11 12 14 17 18
1 10  0  4  5  6  7  8 12 13 14 17
0 13  3  4  6  7  8  9 10 13 14 15 16 17 18
3 5  2  4  8 14 17
5 17  0  1  2  3  4  5  7  8  9 10 11 12 14 15 16 17 18
5 6  1  4  6  8 12 18
3 13  0  2  3  4  6  7  8 10 11 12 13 14 17
4 7  4  6  7  9 12 15 17
5 4  4  6 14 16
4 8  4  6  9 10 12 14 15 17
13 1
3 5  6  8  9 10 11
0 3 3 5 7
3 6  1  4  5  8 10 12
1 11  0  1  2  4  5  6  7  8 10 11 12
0 6  2  3  6  8 11 12
4 7  1  3  4  7 10 11 12
3 3  1  4 12
6 7  1  2  3  4  9 10 12
0 4  3  4  7 12
0 1 0
0 4  1  7  8 12
3 7  0  5  6  7  8  9 10
2 6  0  2  3  5  7 11
18 1
5 6  2  3  8 12 15 17
4 9  2  3  5  8  9 10 13 14 17
0 4 4 5 6 7
1 9  0  1  5  6  8  9 12 13 16
3 6  1  3  5  6  9 14
3 9  2  3  4  7 10 13 15 16 17
2 9  0  1  5  7  9 10 11 13 14
1 4  4 13 14 16
4 12  0  1  2  5  6 10 11 12 13 14 16 17
3 7  0  6 10 11 14 15 16
5 8  0  1  6  9 11 12 15 17
2 5  0  2  5 13 16
6 11  0  1  3  6  7  8 10 13 15 16 17
2 9  0  3  4  6  8  9 11 14 15
1 12  1  2  4  6  7  8  9 10 11 12 15 17
6 6  7  8 10 12 14 17
1 11  0  1  2  3  4  5  6  8  9 14 17
1 11  1  2  3  4  7  8 10 12 13 14 15
27 0
2 9  3 10 13 15 16 18 20 22 26
1 16  0  2  4  6  8  9 12 13 14 15 17 18 20 21 23 26
2 11  0  1  3  7 10 13 15 18 19 20 22
4 0 []
3 15  2  3  6  8  9 10 12 13 14 16 17 18 19 22 24
4 16  0  2  3  4  9 10 11 14 15 17 19 20 23 24 25 26
5 16  3  4  5  7  8 13 15 16 17 18 19 20 21 22 25 26
6 12  1  2  3  5 12 13 18 19 20 21 22 24
4 13  1  3  5  9 11 13 14 16 17 18 19 22 26
3 17  1  2  3  5 11 12 13 14 15 16 17 18 19 21 22 23 26
4 11  3  5 11 12 13 17 19 20 22 23 26
2 9  2  3  6  9 10 13 19 22 24
6 15  1  3  5  6  8  9 13 14 15 18 19 20 21 23 26
4 9  2  3  6 17 18 19 20 22 26
2 18  0  4  5  6  7  8  9 12 15 16 17 18 19 20 21 22 23 26
5 18  0  2  3  4  5  6  7 10 11 13 14 17 19 21 22 23 24 26
1 9  0  2  6  8 12 14 17 19 26
4 7  3  7  9 13 20 22 26
5 16  0  1  2  5  6  8  9 10 11 13 15 16 17 20 22 26
0 11  2  3  5  9 10 11 12 16 22 24 25
4 5  2  3 13 22 26
3 17  0  2  5  6  7  8  9 11 14 15 16 17 18 19 22 25 26
2 8  1  2  3  5 18 20 24 26
1 10  3  6 11 12 13 14 18 20 25 26
5 15  0  1  2  3  4  8  9 12 13 16 18 19 22 23 26
4 12  1  2  4  5  6 13 15 16 19 20 22 24
0 12  3  5 10 12 13 17 19 20 21 22 23 24
