103
13 1
16 9  1  2  4  5  7  8  9 11 12
8 1 9
16 6  0  4  5  7  9 10
1 6  1  2  4  8  9 12
10 8  1  2  3  8  9 10 11 12
14 4  6  7  8 10
7 6  0  1  2  5  9 12
14 5  0  1  5  6 11
2 6  1  2  7  9 10 12
0 6  4  5  6  7 10 12
15 4 0 1 3 9
8 8 0 1 2 4 5 7 8 9
9 4  0  1  2 10
15 1
12 9  1  3  4  6  8 10 11 12 14
3 10  0  3  4  6  7  8  9 10 11 13
15 7  1  4  5  6  8 12 14
1 7  0  1  4  5 10 11 14
7 6  1  2  6  8 10 14
0 8  2  3  7  9 10 11 13 14
1 6 3 4 5 7 8 9
16 7  1  3  4  5  6 10 12
1 7  3  4  6  7 10 11 13
11 11  0  2  3  6  7  8 10 11 12 13 14
18 8  1  2  3  4  5  8  9 13
10 8  1  2  4  5  6  9 12 14
2 8  1  2  3  4  6  9 11 14
17 10  0  1  3  4  5  6  8 10 12 14
18 9  0  1  2  4  5  7  9 11 13
12 0
7 1 3
11 7  2  3  4  5  6  7 10
18 5  1  6  7  9 11
17 1 7
9 10  0  1  2  5  6  7  8  9 10 11
17 9  0  1  2  4  6  7  9 10 11
14 2 1 5
11 7  2  3  4  5  6  8 11
15 3 2 4 5
16 4 1 4 5 7
5 5 1 3 5 6 8
11 7  1  2  3  4  5  8 10
29 1
9 18  1  3  4  6  7  9 10 11 12 14 16 17 19 21 22 23 24 27
0 14  0  9 10 11 13 14 16 19 20 22 24 26 27 28
10 15  0  1  4  7  8 11 15 16 20 22 24 25 26 27 28
9 13  1  2  6  7  8 13 15 19 22 24 25 26 27
7 12  1  6  8  9 10 11 13 16 21 22 23 24
2 17  0  2  4  7  8 10 11 12 13 14 16 17 19 20 21 23 26
6 18  0  2  4  5  7  9 10 11 12 13 14 15 17 18 19 21 26 27
3 11  0  2  3  4  5 11 12 15 18 22 28
17 14  1  3  9 13 14 15 16 20 21 22 23 25 26 28
0 16  1  2  3  4  5  7  8 12 13 14 16 17 18 20 25 27
2 16  0  1  2  4  8  9 11 12 14 16 17 18 19 25 26 27
7 14  1  2  5  6  7  8 10 13 15 18 19 20 22 26
12 17  0  3  4  5  7 10 11 13 15 16 18 19 22 23 24 25 27
15 12  0  2  3  4  5  7  9 10 15 19 22 24
13 15  2  3  4  5  6 11 12 13 15 16 18 24 25 26 28
12 18  1  2  3  6  9 10 12 13 14 16 18 20 23 24 25 26 27 28
7 14  0  1  2  4  6  7  9 12 15 21 22 26 27 28
12 17  1  2  3  5  6  7  8  9 10 11 15 16 18 21 24 26 28
5 11  1  3  4  6 11 16 19 20 21 22 26
5 8  3 11 15 17 18 25 26 27
17 15  2  4  5  7 10 12 14 15 16 17 19 22 23 26 27
14 12  0  1  2  3  6 11 14 17 18 23 24 27
6 10  0  2  4  6  7 10 12 15 19 23
2 14  0  1  2  3  5  7  8  9 11 14 15 20 21 26
17 13  1  5  6 13 18 19 20 21 22 23 25 27 28
0 17  1  4  5  7  8  9 10 11 12 13 14 15 16 18 20 27 28
3 17  0  2  3  4  6  7  8 10 11 13 17 19 20 21 22 24 27
7 14  2  3  4  5  6  7 12 13 15 16 20 22 25 28
17 18  1  3  7 10 12 13 14 15 16 18 19 20 21 22 24 25 26 27
15 0
5 2  4 11
17 5  4  7  8  9 10
10 11  0  1  3  5  6  8  9 11 12 13 14
13 8  0  2  4  9 10 11 13 14
6 3  8 10 11
8 2 8 9
1 2  4 10
2 6  0  5  9 10 11 13
10 9  1  2  3  6  7  9 10 12 14
16 10  1  2  3  5  6  7  8 10 12 14
4 4  2  3  8 14
15 2  9 10
17 7  0  6  8  9 10 11 14
18 0 []
3 4  4  6  9 13
22 1
11 14  1  5  6  7 10 12 13 14 15 16 17 18 19 21
1 7  2  6  9 10 16 18 19
7 9  0  6  7 11 12 13 14 19 21
2 7  1  6  8 10 15 16 18
17 12  0  1  2  6  9 11 12 14 15 16 17 18
15 15  0  3  4  6  8  9 10 13 14 15 16 17 19 20 21
17 13  1  2  3  7  8 10 11 12 13 14 18 19 20
0 12  0  1  2  3  8  9 13 15 16 19 20 21
17 11  0  1  4  5  6  7 13 15 17 18 21
14 8  1  3  8 11 14 18 20 21
18 9  1  7  8 11 12 13 14 18 20
13 9  1  2  5  7 12 16 18 19 21
15 10  0  4  6  7  8  9 11 16 18 20
6 12  0  1  3  7  9 12 14 15 17 18 19 21
9 11  4  6  7  8 11 12 13 15 17 19 21
10 11  5  6  8 11 12 13 14 17 19 20 21
9 11  0  1  5  6  7  9 12 13 14 18 19
13 14  2  4  6  7  8 10 11 12 13 15 16 18 19 21
17 7  5  7 10 11 14 16 17
4 13  2  3  4  6  7  8  9 10 12 16 17 18 20
4 9  0  2  3  8 10 11 13 15 19
4 9  0  1  2  3  5 10 13 14 19
19 0
2 7  1  3  4 10 12 13 15
16 6  6  7 11 12 15 18
18 5  3  4  6 11 15
4 11  1  2  4  5  6  8  9 10 11 12 16
12 3  0 17 18
3 6  0  1  3  6  7 15
12 5  3  7  8 12 16
6 7  1  3 10 12 14 15 17
8 4  2  9 14 15
16 3  3  7 16
0 9  1  7  8  9 11 15 16 17 18
18 9  3  5  7  8  9 12 15 16 17
16 11  1  3  4  5  7  9 10 11 14 15 16
7 0 []
16 10  1  3  7  8  9 10 11 12 15 16
9 14  0  1  2  3  4  5  6  7  8 10 11 13 14 18
2 4  8 10 12 15
5 2  8 12
7 2 7 9
19 0
16 3  2  8 10
18 11  2  4  5  7  8  9 10 12 16 17 18
14 4  6 10 13 16
1 2 15 16
7 4  1 10 14 15
10 10  0  1  2  4  6  8  9 12 14 18
13 11  0  3  8  9 10 11 12 14 15 16 18
11 4  4  5  8 18
16 10  1  2  3  5  6 10 13 14 16 18
18 4  1  4 10 14
10 13  2  3  4  5  6  9 11 12 13 14 15 17 18
12 3  1 10 14
6 7  3  4  8 10 14 15 16
2 8  0  1  6  7  9 11 15 17
3 13  0  1  5  6  7  9 10 12 13 15 16 17 18
15 3  1  8 14
3 7  3  5  7  8 10 14 18
5 6  3  4  8 11 14 15
12 8  0  1  5  6  7 11 16 17
25 1
6 13  1  5  7  8 10 13 14 18 20 21 22 23 24
12 11  4  6  7  9 10 13 14 15 17 19 24
18 13  1  3  4  6  7  8 11 13 15 17 18 20 24
13 14  0  5  6  8  9 10 11 13 14 15 16 18 23 24
2 10  0  3  8 13 14 15 19 21 22 23
3 14  0  1  3  7  9 10 13 16 17 18 19 20 22 24
1 15  3  7  8  9 10 12 13 14 15 16 17 19 20 21 23
1 13  1  4  6  9 11 12 14 18 20 21 22 23 24
11 13  0  1  2  4  6  7  9 13 17 20 21 23 24
16 16  0  1  2  3  6  8 10 11 15 16 17 18 19 20 21 22
17 10  2  3  4  7  8 12 14 15 21 22
9 8  3  4  6  8 12 18 22 24
2 13  0  2  3  4  5  6 10 13 14 15 17 19 20
9 11  0  3  6  8  9 10 16 18 19 22 23
11 10  2  3  4  9 12 15 16 19 21 24
2 11  0  1  5  6  7  9 17 18 20 21 22
4 14  0  1  4  5  6  7 10 13 14 15 17 18 22 23
16 14  0  1  2  3  4  6  7  9 10 12 13 15 16 22
7 10  0  7 10 13 15 16 19 20 21 23
5 13  3  6 10 11 12 13 14 15 16 17 20 23 24
14 14  0  3  5  6  7  9 11 13 16 17 18 19 22 24
6 15  0  2  3  4  6  8 11 13 14 15 16 17 18 19 23
18 12  0  3  6  8 11 12 13 14 17 18 20 23
2 11  0  4  5  6  7  8 12 14 16 18 19
0 9 10 13 14 15 17 18 19 20 21
16 0
11 4  2  7  8 11
10 15  0  2  3  4  5  6  7  8  9 10 11 12 13 14 15
16 5  1  7  8  9 15
2 4  2  7 12 13
4 3  3  9 13
12 3  4  9 12
13 4 1 2 5 7
9 8  1  2  6  8 10 12 14 15
13 9  0  3  7  9 10 11 12 13 15
13 5  0  1  7 12 15
16 4 1 5 7 8
11 0 []
9 14  0  1  2  3  4  5  6  7  8  9 10 13 14 15
12 4 1 3 4 9
3 2  1 10
18 9  0  1  5  6  7  8 10 12 13
18 0
12 10  2  4  6  7 10 12 13 15 16 17
18 5  5 10 11 14 17
15 4  4  6  7 17
16 3  4  6 10
9 12  0  1  2  3  6  7  8 10 12 14 15 17
4 7  1  6  7 11 12 14 17
2 14  0  1  2  3  4  5  7  9 10 11 12 13 15 16
9 6  0  4  9 11 12 16
17 4  1  6 10 15
15 3  0 10 15
18 14  0  1  3  5  6  7  8  9 11 12 13 14 15 16
17 5  0  1  5 10 15
10 9  1  2  4  6  8 10 13 16 17
17 1 10
1 4  5  6  7 17
2 12  0  1  2  3  5  6  8  9 10 11 12 14
4 3  9 13 17
11 4  8  9 10 15
19 0
1 12  1  2  3  4  5  6  7  8  9 10 11 18
3 6  0  6 10 14 16 18
5 7  1  3  6  7  9 14 17
2 2  9 10
14 5  6  9 12 13 17
14 6  0  2 10 14 17 18
10 15  0  1  3  4  5  7  8  9 10 11 13 14 16 17 18
17 9  1  4  9 10 13 14 15 16 18
2 8  1  2  5  9 12 14 16 17
4 7  0  1  2  4  6  7 18
9 12  0  1  2  3  6  7 12 14 15 16 17 18
5 2 1 6
5 4 5 6 7 9
12 6  0  4  6  8 12 14
7 7  1  5  6  8  9 15 17
18 3  6  9 17
10 6  6  7  8 10 12 14
18 5  2  6  8  9 14
10 13  0  1  2  3  6  7  8 10 12 13 14 15 16
22 0
1 8  4  6 10 11 13 15 18 20
0 9  6  7  9 10 13 15 16 17 18
5 11  0  3  5  6  8 10 11 15 17 20 21
13 15  0  1  2  4  5  8  9 10 11 12 13 18 19 20 21
6 8  5  7 11 12 14 15 19 21
7 1 16
7 11  1  3  7  9 10 15 16 17 19 20 21
10 18  0  1  2  3  4  5  6  8  9 10 11 12 15 16 17 19 20 21
10 17  0  1  3  4  6  7  9 10 12 13 14 16 17 18 19 20 21
7 9  0  2  3  4 10 15 16 18 19
13 11  2  3  7  8  9 11 13 15 17 19 21
2 9  0  1  4  6  7  8 10 19 20
3 6 0 1 2 3 7 9
11 4  1  3  4 16
15 2 15 20
12 10  0  1  2  3  4  7  9 10 11 16
1 10  2  5  6  7 12 13 14 15 17 18
0 4  1 14 16 20
5 5  1  2  3  8 15
3 7  1  7  9 10 12 16 20
5 7  5  7 13 14 15 16 18
14 11  1  2  3  4  5  6  7 10 14 15 19
18 1
8 7  5  6  7 10 15 16 17
5 12  2  4  5  6  7  9 10 11 12 13 14 16
3 9  1  3  5  7  9 11 15 16 17
12 8  2  5  7  9 12 13 14 17
5 9  1  2  5  6  9 10 11 13 15
6 11  1  2  3  6  7  8  9 10 11 14 17
11 9  2  5  7  8  9 12 14 15 16
0 7  1  2  3  4  8  9 11
1 10  2  3  4  6 10 11 12 13 14 15
3 7  0  1  2  6 11 13 15
15 9  0  1  5  6  8  9 12 13 15
11 8  0  7  8  9 10 12 14 15
17 7  0  3  8 11 14 15 16
12 7  0  5  6  7  8 12 14
9 6  3  4  6  9 10 17
12 12  0  2  4  5  7  8  9 10 11 12 14 16
11 9  1  3  5  8 10 11 13 15 17
11 8  0  3  4  7  9 11 12 14
12 0
8 0 []
11 2 0 2
11 4  7  8  9 10
15 4 4 5 7 9
0 4  1  8  9 10
17 7  0  2  3  6  7  9 11
2 4  4  5  8 11
2 7  0  2  4  6  8  9 10
2 7 1 2 3 4 5 6 9
3 8  0  1  2  3  4  5  6 11
7 2 8 9
17 1 8
22 1
9 10  1  5  6  7  8  9 11 12 16 19
1 14  2  3  4  5  6  7  9 10 11 15 16 18 20 21
12 10  5  8  9 10 13 14 15 16 17 20
8 12  2  4  5  7  8  9 11 13 14 16 17 19
12 14  1  2  5  7  8 10 11 12 13 16 17 18 19 20
7 12  1  2  3  4 10 11 12 14 15 17 19 21
9 7  0  3  5 10 11 20 21
16 9  2  3  5  8  9 12 18 19 20
4 10  0  3  4  6  7 10 13 17 19 21
9 8  0  5  7  8 10 16 17 21
2 11  0  1  3  6  7  9 12 15 17 18 20
6 13  0  2  3  5  7  9 12 13 14 15 16 18 20
9 10  1  2  6  7 10 11 13 15 18 19
9 8  3  4  8  9 10 11 18 19
17 12  0  1  3  4  7  8  9 11 13 15 16 17
8 13  0  1  3  5  7  8 11 13 14 16 17 19 21
11 11  0  2  5  6  7 10 11 12 15 19 21
9 13  0  1  3  4  5  6  7  8  9 10 13 16 21
14 11  2  4  8  9 11 12 13 14 16 17 21
9 10  2  3  5  9 12 13 15 16 20 21
2 10  2  3  4  6  7  9 11 18 19 21
17 14  0  1  2  4  6  7 10 12 13 14 15 17 19 20
15 1
13 8  1  4  7  8  9 10 12 14
11 6  3  4  5  9 11 13
18 6  4  6  8 10 11 12
15 6  0  2  4  8 10 12
11 8  0  1  6  7  8 10 13 14
10 10  1  2  4  6  7  8 10 11 12 13
1 9  0  1  2  4  5  8  9 11 12
13 5  5  6  9 11 12
9 6  0  2  5  7 13 14
2 8  0  1  2  3  7  8 11 14
12 7  1  3  6  7  9 11 14
15 4 0 3 8 9
8 7  0  2  4  6 10 11 13
4 7  0  1  3  7  8 10 12
8 9  0  2  3  4  5  7 10 11 12
10 0
15 2 1 9
9 5 2 5 6 7 9
1 5 1 3 4 6 9
0 2 0 4
6 2 0 3
10 4 3 4 6 7
10 9 0 1 2 3 4 5 7 8 9
18 2 0 8
7 1 6
6 4 0 1 6 8
10 0
6 3 1 2 9
15 1 9
1 4 1 5 6 8
18 8 0 1 2 4 5 7 8 9
7 0 []
4 2 6 9
6 3 0 1 9
5 0 []
16 1 9
2 7 0 2 3 4 5 6 8
11 0
7 5 2 3 5 6 8
18 2 2 4
15 8  0  1  3  5  7  8  9 10
16 9  0  1  2  5  6  7  8  9 10
12 0 []
2 6  1  2  3  6  7 10
0 4 3 5 7 8
15 3 2 3 5
12 5 0 2 6 7 9
6 1 0
12 1 1
15 0
3 9  1  5  7  8  9 10 11 13 14
18 7  0  2  6  7  9 12 14
13 2 0 5
0 1 8
1 0 []
2 11  0  1  2  3  6  7  8  9 12 13 14
16 6  0  1  5  7  9 14
2 10  0  1  3  4  6  8  9 10 12 14
17 7  1  4  6 10 11 12 14
11 8  0  2  3  5  6  7 10 14
13 4  1  5  9 14
12 1 5
13 4  0  6  7 11
5 1 12
0 7  0  4  5  6  7  8 11
15 1
12 9  1  2  3  4  6  7  9 11 14
7 8  2  4  5  8 11 12 13 14
14 6  3  6  7  8  9 10
5 8  2  4  5  6  7  9 11 14
3 7  0  7 10 11 12 13 14
18 6  2  3  4  6  7 12
16 5  3  5 10 12 14
7 8  0  2  4  5  6  8 11 13
5 6 0 2 3 4 5 7
3 9  1  2  3  4  7  8 10 11 13
16 7  0  3  5  6  8  9 14
11 11  1  2  3  5  6  7  8  9 10 12 13
1 9  0  1  3  4  5  7 10 11 14
0 8  1  2  5  6 10 11 12 14
10 6  0  2  3  8 11 13
22 0
17 10  3  5  9 13 15 16 18 19 20 21
8 9  3  5  6  9 11 15 18 19 20
2 11  0  1  3  8 11 13 14 17 18 20 21
4 7  2  7  8 11 13 18 19
11 1 1
9 11  0  1  2  6  7  8  9 14 15 17 19
13 10  5  8  9 12 13 14 15 17 18 20
13 15  0  1  2  4  8  9 10 11 12 13 14 16 18 19 20
18 14  0  2  4  5  6  9 10 11 12 13 15 16 19 21
10 17  0  1  3  4  5  7  8 10 11 13 14 15 16 18 19 20 21
18 6  3  7  9 14 20 21
14 8  0  3  5  8 13 15 18 19
4 5  0  2  6 11 13
4 6  0  3  4  9 18 20
13 11  1  2  6  7  8  9 13 17 18 20 21
7 6  1  2  6  9 11 19
7 4  1  5  6 11
17 2 18 20
15 7  2  5  6  7  8 14 20
6 11  0  1  2  3  7  8 11 12 13 18 21
3 9  2  4  5  6  8 10 12 15 18
1 6  6  7 11 14 16 20
13 0
7 7  1  2  5  6  8  9 10
9 10  0  2  3  5  6  7  9 10 11 12
17 3  0  9 10
12 5 0 2 4 8 9
18 0 []
10 7  0  1  2  3  6  7 12
0 3  1  5 10
6 9  0  1  3  4  8  9 10 11 12
15 4  0  1  9 10
12 4  1  3  5 11
1 4 1 4 6 7
8 3  1  8 12
3 4 0 1 5 7
23 1
13 10  1  2  3 11 12 14 16 17 20 22
13 15  2  4  6  7  8  9 10 11 12 13 14 16 17 19 22
10 14  1  3  6  8 10 11 13 14 15 16 18 20 21 22
5 11  4  6  8  9 10 11 13 14 15 18 20
13 8  2  6  7 12 15 18 19 20
6 13  0  1  2  3  4  6  7 12 14 15 18 20 21
15 12  0  2  4  9 10 12 13 14 16 17 21 22
7 13  0  1  2  4  8  9 10 11 15 16 17 19 21
17 9  1  5  7 12 13 14 15 18 21
13 12  0  2  4  7  8 11 13 14 15 16 20 21
6 14  0  2  4  5  6  7  8 11 12 14 15 18 20 22
10 12  2  3  4  7  8 12 13 17 18 19 20 22
17 12  2  3  5  6  7  9 13 15 16 17 18 21
15 10  0  2  3  4  5  8 14 19 20 22
1 13  3  4  7  8 10 11 12 13 15 16 18 19 20
18 9  2  5  6  9 12 17 18 20 21
13 15  0  2  3  6  7  8  9 10 11 12 15 17 20 21 22
16 9  1  2  6  8  9 18 20 21 22
15 11  0  1  3  5  7 10 15 16 17 19 20
14 12  2  3  5  7  9 11 12 14 17 18 20 21
9 10  1  2  4  5  6  7  8 11 15 18
2 14  1  2  4  6  7  8 10 11 13 14 15 17 20 22
2 10  0  1  4  6  8  9 10 12 13 19
25 0
18 8  1  4  6  8 10 14 16 21
7 7  7 12 14 16 18 19 24
11 1 16
13 11  0  1  8 13 14 15 17 18 19 20 22
12 15  0  3  6  7  9 10 11 12 14 15 16 17 19 21 24
14 5  0 10 16 17 22
2 12  0  4  9 10 12 14 17 18 19 21 22 23
2 16  1  3  4  5  6 11 12 13 14 18 19 20 21 22 23 24
5 5  0  3 11 19 22
16 5  4 18 19 20 23
14 14  1  2  3  7  8  9 11 12 18 19 21 22 23 24
3 8  3  5 15 17 18 19 22 23
18 5  3  7 11 15 18
10 15  1  2  3  4  5  7  8  9 10 16 18 19 22 23 24
13 14  0  3  4  8  9 10 12 13 15 16 17 18 20 23
14 9  4  6  7  8 10 12 19 23 24
7 7  0  6  7 11 14 15 20
14 9  0  8 11 12 13 14 16 21 24
1 9  2  5  6  7  8 11 17 23 24
7 13  4  7  8 10 12 13 14 16 20 21 22 23 24
10 19  0  1  2  4  5  7  8 10 11 12 13 14 16 17 18 19 21 22 23
0 14  1  3  4  6  7 11 13 14 16 17 18 20 22 23
14 15  0  1  3  6  9 10 13 14 15 18 19 20 21 23 24
9 18  0  4  6  8  9 10 11 12 13 14 15 16 17 19 20 21 22 24
15 3  4  7 17
15 1
3 4  3  7 10 14
16 8  2  4  5  6  7  8 12 14
3 5  7  9 10 12 13
14 8  0  1  4  5 10 11 12 13
18 7  0  2  3  8  9 10 12
17 8  1  4  6  7  8  9 11 12
15 9  1  2  4  5  8  9 12 13 14
3 5  0  1  2  4 10
4 5  0  2  4  7 11
12 8  0  1  4  5  6  8 10 14
5 8  0  2  3  5  7  8 11 13
7 7  4  6  7  8  9 10 14
2 6  3  6  7  8  9 11
11 7  3  7  8  9 10 11 12
7 10  1  3  4  5  7  8  9 10 11 12
14 1
4 2 1 5
6 8  0  3  5  7  9 10 11 12
7 8  0  1  5  7  8  9 11 12
10 4  1  4  8 11
16 9  0  1  5  6  7  8 10 11 13
2 7  2  3  7  8  9 11 12
8 8  0  2  3  7  8 10 11 12
0 7  1  4  8  9 10 11 12
2 5  0  9 11 12 13
1 8  1  2  3  5  6  7  8 12
6 5 0 3 4 7 8
15 3  6  7 10
4 8  1  2  3  5  6  7 10 11
9 4 0 1 4 6
24 0
1 9  8 11 12 14 15 16 18 20 22
6 9  0  4  6  7  8  9 13 16 23
3 16  0  1  3  7  8 10 11 13 14 17 18 19 20 21 22 23
15 8  0  2  4  7 10 11 18 23
3 9  3  7  8 10 11 13 15 21 22
17 3  1 12 18
15 8  1  3  7 10 13 14 18 20
6 12  1  3  4  5  6 10 12 14 16 17 18 19
13 16  0  2  3  4  5  6  7  9 10 13 14 15 17 19 20 23
0 8  1  3  4 13 16 17 20 22
6 14  0  3  7  8  9 13 14 15 16 17 18 20 21 23
11 5 15 18 19 21 22
11 6  0  7  9 18 20 21
1 12  1  2  3  5  7  8 10 11 14 15 20 22
0 8  0  6 10 15 16 17 18 23
1 12  0  1  3  4  5  6  8 12 13 18 19 22
14 7  0  6  7  8 14 19 20
18 10  0  8 10 12 13 15 18 19 22 23
9 21  0  2  3  4  5  6  7  8  9 10 11 12 13 14 15 16 17 19 20 22 23
18 10  0  8 10 11 12 13 15 18 20 23
2 15  0  3  5  6  7  9 10 11 12 15 16 17 18 22 23
0 2 4 6
15 3  8 10 14
12 17  1  2  3  6  7  8  9 10 11 12 15 16 17 18 19 20 21
15 1
11 5  3  4  5  7 11
6 9  0  2  6  7  8  9 10 13 14
11 5  3  4  5  9 13
17 8  0  1  2  4  6  7  8 13
8 6  8  9 10 12 13 14
16 6  1  3  7  8  9 14
4 9  1  2  3  5  8  9 10 11 12
13 5  4  5  6 10 11
7 8  0  1  3  4  7  9 11 14
2 10  0  1  2  4  6  7 10 11 12 13
11 7  4  6  7  9 11 12 14
18 8  1  5  6  7  8  9 10 12
9 6  0  2  9 10 13 14
6 7  1  2  3  7  9 10 12
15 6  0  1  3  5 10 11
10 0
11 4 4 6 8 9
17 2 3 9
15 2 0 6
16 3 4 8 9
9 8 0 1 2 3 5 6 7 8
16 2 4 6
9 9 0 1 2 3 4 5 7 8 9
15 3 0 6 8
3 9 0 1 2 3 4 5 6 7 9
5 4 4 6 7 8
20 1
3 7  1  2  4  5  7 11 17
13 13  2  4  5  6  7  9 10 11 12 13 15 17 19
4 8  3  4  7  8  9 11 12 18
9 12  0  4  5  6  7  8  9 11 12 14 15 16
2 7  2  5  9 11 12 14 15
16 9  0  3  4  9 10 13 16 18 19
11 10  1  2  4  5  8  9 12 14 15 18
18 8  1  2  3  4  6  8 14 17
12 11  1  3  4  5  7  9 10 14 15 16 18
8 10  0  2  4  6  7  8 12 13 14 16
1 10  1  2  4  6  7 11 12 14 15 16
6 11  0  1  2  3  5  8  9 10 14 15 18
18 10  0  4  5  9 11 13 14 15 17 18
17 9  0  1  5  6  9 10 15 17 18
5 10  1  2  3  5  6  7  8 10 15 17
15 9  0  1  2  5  8 11 12 13 19
1 11  1  3  6  7  9 11 13 14 15 17 18
6 8  1  3  5  6  9 12 16 19
16 5  1  4  6 10 13
16 11  2  5  6  8  9 10 11 12 14 17 18
10 0
5 8 1 2 4 5 6 7 8 9
18 4 0 2 3 7
3 2 4 5
14 2 6 7
4 3 6 7 8
11 2 4 9
3 2 1 8
14 3 1 2 6
16 6 1 2 3 4 6 7
7 2 0 5
26 0
15 4  1  6 15 21
18 11  0  5 10 11 12 13 14 15 16 18 25
14 10  1  4  7  8 11 13 14 17 22 23
12 12  1  4  6  8  9 10 13 16 17 20 24 25
0 12  0  2  5  6  9 10 11 13 15 17 21 25
3 9  1  2  3  6 13 17 21 22 25
10 20  1  2  3  5  8  9 10 12 13 15 16 17 18 19 20 21 22 23 24 25
1 4  0  1 12 19
18 12  1  3  4  7  9 11 13 16 17 20 24 25
14 14  0  3  5  7  8 13 15 16 17 18 20 23 24 25
3 15  0  1  2  3  4  6 14 15 17 18 19 20 21 23 25
14 5  2  6  8 15 21
8 3  3 13 14
11 13  3  6  7  8  9 10 14 16 20 22 23 24 25
13 13  1  2  3  4 13 15 16 17 18 19 23 24 25
18 15  0  1  3  4  6  8  9 10 11 12 13 14 19 20 21
16 15  1  6  8  9 12 13 14 15 17 19 20 21 23 24 25
3 19  0  1  6  8  9 11 12 13 14 15 16 18 19 20 21 22 23 24 25
12 12  1  5  6  7 10 12 13 15 20 21 23 25
6 8  3  4  8 10 12 15 17 25
3 8  0  6  8 10 15 17 22 24
8 6  3  8  9 10 16 24
16 8  1  4  6  8 10 11 13 14
16 10  0  1  5  6  9 14 17 19 20 21
9 19  1  2  3  5  6 10 11 12 13 14 16 17 18 19 20 21 22 23 25
0 15  0  3  4  5  7  8 10 12 13 14 15 17 18 21 24
22 0
15 5  4 10 11 15 16
17 10  6  9 10 11 14 16 17 18 19 21
7 9  3  4  9 12 15 17 18 19 21
1 12  0  1  2  5  6 10 12 13 14 15 16 17
7 6  0  3  5 10 19 20
0 10  3  6 11 13 14 15 16 17 19 21
13 5  3  4  5 11 17
14 11  1  2  3  8 10 13 14 15 16 19 20
9 17  0  1  2  4  6  7 10 11 13 14 15 16 17 18 19 20 21
8 1 15
10 15  1  3  4  5  6  8  9 11 13 15 17 18 19 20 21
17 17  0  1  2  3  5  6  7  8 10 12 13 14 15 16 18 19 20
4 12  3  4  5  7  9 10 11 13 15 17 19 21
1 8  3  4  5  7 11 12 16 19
7 2  1 17
10 12  1  2  4  5  7  8 10 14 16 19 20 21
15 8  1  2 10 11 12 15 19 21
17 5  3  7 11 12 13
5 2 15 19
3 17  0  1  2  3  4  5  7  8  9 10 11 12 13 15 18 20 21
4 11  0  1  2  6  9 10 11 15 17 18 21
15 8  3  4  9 10 15 17 19 20
23 1
17 5 10 11 12 13 22
5 13  0  2  3  7  8 13 14 15 17 18 19 20 21
13 9  3  5  6  7 14 16 19 20 21
13 13  0  5  7  8  9 10 11 12 13 16 18 21 22
8 11  1  8 10 11 13 14 16 17 18 19 21
13 9  2  3  9 12 13 14 15 16 20
3 10  0  1  2  3  9 13 17 19 20 21
15 14  1  3  4  8  9 10 12 13 14 16 17 18 19 20
16 9  0  1  6 10 11 14 16 18 19
8 12  3  4  7  8 10 11 13 14 16 17 19 20
2 13  3  6  7  8  9 11 13 14 16 18 19 20 22
8 12  0  2  4  6  8  9 12 14 17 18 21 22
8 12  0  3  6  9 11 13 14 15 17 18 20 22
12 9  2  7  8  9 11 15 16 17 18
13 11  0  1  2  4  5  7  9 11 12 19 20
5 10  0  1  5 10 11 13 14 19 20 21
12 11  1  2  5  6  8  9 12 14 18 20 21
6 11  0  5  6  7  8  9 11 18 19 20 22
2 10  0  1  3  4  5  9 13 16 17 21
13 11  0  1  2  3  5  6 10 12 13 17 20
17 11  0  1  2  4  8  9 11 14 15 18 19
8 12  0  1  4  5  6 10 11 12 14 16 18 19
7 9  3  8  9 12 14 15 17 18 21
24 1
4 10  6  7  8 10 11 14 18 19 21 22
1 10  4  6  7  9 12 14 15 16 17 22
5 10  0  4  6 12 13 15 16 17 19 23
18 16  1  4  5  6  8 10 11 12 13 16 17 18 19 21 22 23
13 14  0  5  6  7  8  9 10 11 13 15 19 20 22 23
12 13  1  2  3  6 10 14 15 16 17 20 21 22 23
15 9  1  5  7  9 12 14 16 18 21
14 12  0  1  3  6  9 10 11 15 16 17 21 23
1 6  4  9 14 18 20 21
10 11  0  1  3  4  5  6  7  8 11 19 23
17 14  1  3  5  8  9 11 12 13 14 16 17 18 21 23
1 14  0  3  8  9 10 13 14 16 17 18 19 20 22 23
5 10  0  2  3  6  9 13 15 16 18 22
3 10  0  2  7  9 15 17 18 20 21 23
13 12  1  2  5  6  9 10 12 18 19 20 21 23
14 13  1  3  5  6  8 10 12 13 14 20 21 22 23
3 12  0  1  5  6  7 11 14 17 19 20 22 23
1 10  0  4  5  6  7  9 14 16 20 21
5 11  3  5  7  8  9 11 12 14 15 17 23
4 13  0  2  4  5  9 12 13 15 16 17 18 22 23
14 8  1  3  4  6  7  8 15 19
18 9  0  1  4  9 11 12 14 20 22
7 6  9 11 18 19 20 23
17 8  0  5  6 12 13 17 19 20
20 1
10 6  1  5 11 13 15 16
10 5  3  8  9 13 17
0 10  0  1  4  5  7  9 10 12 16 18
11 11  0  1  2  7  8  9 11 15 16 18 19
4 7  0  1  2  3  7  8 17
16 7  1  3  4 11 12 14 15
7 7  2  5  7 14 16 17 18
15 12  0  1  3  4  6 11 12 15 16 17 18 19
12 13  0  1  2  3  5  9 11 12 13 14 16 18 19
1 8  1  2  5  7 10 13 15 18
5 9  2  6  7  9 14 15 16 17 19
1 6  2  5  8 13 16 17
15 6  1  2  5  8 15 16
1 5  1  5 16 17 18
5 8  3  5  6  7  8  9 11 18
17 11  1  4  5  6 10 11 12 14 16 18 19
1 6  1  3  4  5  9 12
5 11  3  6  8  9 10 11 12 14 15 16 18
6 10  1  3  4  6  7  9 11 14 15 16
18 10  0  1  2  3  4 11 13 15 16 17
21 0
16 13  1  2  3  5  8 11 12 13 14 15 16 18 19
1 9  3  5  6  7 10 15 18 19 20
6 3  1 13 15
14 16  0  1  5  6  7  8  9 10 11 12 14 15 17 18 19 20
7 6  5  7 10 11 18 19
4 6  0  1  2  8 14 18
1 11  0  2  4  5  8  9 10 13 14 15 20
12 7  0  5  9 10 15 16 17
8 9  0  7  9 11 12 13 14 16 18
14 2 0 5
7 4  1  3  9 17
8 1 0
18 14  0  1  4  6  7  8  9 10 11 14 16 17 19 20
4 10  0  1  3  4  5  8  9 10 16 20
6 9  1  3  5  6  7 10 11 19 20
6 5  1  3 14 18 19
2 9  1  3  8 12 13 14 18 19 20
14 1 0
2 11  0  3  4  5  8 12 13 14 15 19 20
15 13  0  1  2  3  5  6  9 10 12 13 14 16 18
13 10  0  1  2  4  8 12 13 14 16 18
12 1
0 4 1 5 6 9
9 2 2 9
2 8 0 1 3 4 5 6 8 9
14 6  1  2  4  5  8 10
15 8  0  3  5  6  7  8  9 11
3 8 0 1 2 3 6 7 8 9
8 7  0  2  3  4  8 10 11
7 6  0  2  3  4  8 11
6 7  1  3  4  6  7 10 11
13 4  4  6  7 11
14 6 1 3 4 6 8 9
11 6  0  1  2  5  9 10
27 0
2 19  1  3  6  7  9 10 11 12 13 14 15 16 17 19 20 21 22 24 26
18 20  0  2  3  4  5  6  9 10 11 12 13 15 17 18 19 20 21 23 24 25
5 10  0  4  5  7 11 12 16 18 22 23
13 14  0  2  5  8 13 14 15 16 17 18 23 24 25 26
1 3  1  9 22
4 8  0  4  6  8  9 10 15 20
2 9  0  7 17 18 20 21 22 25 26
7 3 3 5 9
7 2  4 19
2 20  0  1  3  4  5  7 11 12 13 14 15 16 17 18 19 20 21 23 24 25
13 18  0  1  3  4  5  6  7  8  9 12 13 15 16 18 19 22 23 26
2 10  2  3  4  8 10 13 18 19 23 26
5 10  1  4  8 13 14 15 17 19 20 21
8 12  0  1  3  4  7  9 14 17 18 19 25 26
7 4  7  9 15 26
0 10  1  2  4  6  9 10 12 16 21 26
13 10  2  4  5  7 12 13 14 19 25 26
5 15  0  1  3  4  6  8  9 10 18 20 21 22 24 25 26
1 15  1  4  5  7  8 11 12 13 14 16 17 20 21 23 26
7 4  0 17 18 25
14 8  1  4  6 10 12 14 21 24
10 16  0  1  3  4  5  6  8  9 10 12 14 15 17 19 20 22
1 10  0  1  5  9 11 16 17 21 23 25
14 12  0  1  2  3  5  7  8 19 20 21 24 26
11 12  1  2  7  9 11 12 15 18 21 22 23 26
9 17  0  1  2  5 10 11 12 13 14 15 17 19 21 22 23 24 26
3 8  0  1  5  6  7  9 22 25
29 0
2 10  1  2  3  4  7  9 11 17 18 25
12 5  7 12 15 17 19
0 11  0  4  5  6 11 12 13 18 21 24 27
18 17  1  2  4  6  8 10 11 12 13 14 15 16 19 20 21 22 23
9 20  0  3  5  6  9 11 12 13 14 15 16 18 20 22 23 24 25 26 27 28
1 8  0  2  4  9 18 19 24 28
14 12  2  4  5  7  9 10 12 18 19 21 22 23
1 4  2  4 22 26
12 17  1  3  4  5 10 11 12 13 15 16 18 19 21 22 24 25 28
7 3  7 21 24
2 8  0  4 14 16 17 21 26 28
13 17  1  2  4  5  6  8  9 10 12 13 16 17 19 22 24 25 27
10 21  0  3  4  6  7  8  9 10 11 13 14 15 17 18 19 20 23 24 25 27 28
3 8  1  4  6 12 17 19 20 22
8 6  6  7  8 11 13 15
10 15  1  4  5  7  9 13 14 16 17 18 21 24 26 27 28
15 10  1  2  5  6  7  8 12 14 15 22
13 13  2  3  4  7  8 11 12 15 16 18 19 21 24
14 11  0  6  8  9 10 14 15 20 21 23 24
10 12  3  4  8 10 12 15 17 18 21 25 27 28
12 7  6  7  8 12 15 19 24
7 17  1  4  6  7  8  9 10 11 13 14 19 20 23 24 25 27 28
3 13  2  3  4  5  6  8 12 15 17 19 24 25 28
17 5  8 17 18 25 26
6 9  0  1  7  9 10 14 15 17 20
14 14  1  4  6  8 10 11 13 14 16 19 22 23 24 28
5 4  6  9 10 11
17 18  0  2  5  7  8  9 11 14 15 16 17 18 19 21 22 23 25 26
13 13  0  1  3  8 10 12 15 16 17 18 20 22 25
23 1
9 8  5  6  8 11 12 13 18 22
4 13  0  3  5  6  8  9 12 13 14 15 17 20 22
17 11  0  1  8  9 10 12 13 15 16 21 22
8 11  5 10 12 13 14 15 16 17 18 19 21
11 12  2  3  8  9 12 13 14 15 16 17 20 21
4 8  0  2  4  6  8  9 14 22
14 16  0  1  2  7  8  9 10 11 12 13 14 15 16 18 20 22
18 10  3  4  8  9 14 16 18 19 21 22
4 10  0  1  2  3 11 15 16 19 20 21
7 13  1  2  4  7  8 12 14 15 17 18 20 21 22
11 10  1  4  5  7 11 12 16 18 21 22
18 14  0  1  2  4  8  9 10 13 14 16 17 18 21 22
1 9  0  1  5 11 13 14 15 19 22
17 13  3  4  7  9 11 12 14 16 17 18 19 21 22
12 8  1  8 10 11 17 18 19 22
0 14  0  1  2  4  5  8  9 11 13 17 18 19 20 22
9 14  0  1  3  4  5  6  7  8  9 12 13 14 17 18
8 13  0  2  3  6  9 10 11 12 15 18 20 21 22
6 8  3  6 13 14 17 19 20 22
0 10  2  3  4  6  8 10 14 15 16 22
18 9  1  3  5  8 11 12 15 16 18
11 8  1  8 10 13 15 16 17 19
13 8  3  4  5  7 10 11 15 20
15 1
1 9  1  2  3  6  7  8 10 11 14
13 6  2  3  7  8  9 10
16 7  1  4  5  6  9 13 14
4 7  0  2  7  9 10 11 12
7 7  0  1  5  7  9 12 13
1 8  1  2  4  6  8  9 10 13
14 7  1  2  3  7  9 12 13
11 6  0  3  6 12 13 14
8 9  2  3  4  5  6  9 10 12 13
8 5  0  1  6  7 13
4 9  0  2  3  6  8  9 11 13 14
16 5  2  7  8 10 12
2 7  0  1  2  5  7 13 14
7 6  1  4  6  8  9 12
2 8  0  3  4  6  8 10 12 13
23 0
17 6 10 11 12 13 14 21
3 12  2  5  7  9 10 11 12 15 16 19 20 21
6 6  6  9 10 15 16 21
14 6  4  9 12 17 20 22
8 1 5
4 9  7  8 10 13 17 18 20 21 22
17 5  4  8 10 17 20
4 8  2  4  5  6 14 16 19 22
0 14  0  1  2  3  5  6  7 10 11 12 13 18 19 20
11 3  3  6 10
2 16  0  2  3  5  6  7  8 11 12 13 14 15 16 17 18 20
3 6  5  7 10 12 15 20
14 19  0  1  4  5  6  8  9 10 11 13 14 15 16 17 18 19 20 21 22
17 8  4 10 11 15 17 18 20 22
11 12  0  3  5  9 10 11 12 13 17 18 19 21
6 8  1  3  4 11 12 13 14 19
9 8  5  8  9 10 15 18 20 21
15 8  2  5 10 11 12 15 19 21
10 14  0  2  4  7  9 10 11 14 15 16 17 19 21 22
7 10  1  2  3  5  6  8 12 14 15 16
9 19  0  1  2  3  4  5  6  7  8  9 11 13 14 15 16 18 19 21 22
12 7  1  7 10 12 14 19 20
1 9  0  3  4  7 10 11 14 16 19
10 1
9 4 3 6 8 9
15 4 0 3 5 9
12 5 1 3 4 7 9
1 3 7 8 9
12 5 0 5 6 7 9
5 8 0 1 2 3 4 6 8 9
8 5 0 1 3 4 7
9 2 2 6
3 3 1 5 6
15 6 1 3 5 6 7 8
11 1
15 4 2 3 5 7
9 2 0 8
4 6  0  1  4  6  8 10
10 7  0  1  2  4  5  8 10
16 8  0  1  2  3  5  6  8 10
10 5  0  1  2  6 10
6 5  2  4  5  9 10
7 7  0  1  2  4  5  8 10
14 3 4 6 9
15 6 0 2 3 5 6 7
3 5 0 1 2 4 8
15 1
2 9  1  2  3  4  6  9 10 12 14
3 11  0  2  3  4  5  6  7  8 10 12 14
7 1 5
12 9  0  1  4  5  7  8  9 11 12
18 7  0  5  7 10 11 12 14
0 6  0  1  4 11 12 14
8 8  0  2  3  4  5  9 11 13
17 8  1  3  5  6 11 12 13 14
17 9  2  4  5  7  9 10 11 12 14
9 6  3  5  6  7  8 14
2 9  2  3  4  6  8  9 12 13 14
11 4  0  2 10 13
1 7  1  2  4  5  6  7 14
16 5  0  6  9 11 12
8 9  0  2  4  5  6  7  8 10 12
16 1
10 9  1  2  3  4  6  9 10 11 15
10 4  7  8 12 15
3 4  0  7 13 14
4 6  0  2  6  7  9 13
0 6  2  5  6 11 13 15
4 9  1  3  4  6 10 11 12 13 15
0 8  1  2  3  5  7  9 12 14
4 11  0  1  4  5  6  8  9 10 13 14 15
6 5  5  6 11 13 14
4 7  0  3  4  6 11 13 15
18 10  2  5  6  7  8  9 12 13 14 15
11 9  1  3  5  7  8  9 10 14 15
3 8  0  3  6  9 10 11 13 15
12 8  0  4  5  7  8 10 11 15
5 9  1  3  5  8  9 10 11 12 15
10 9  0  1  3  6  8  9 12 13 14
24 1
9 10  2  4  5  7  8  9 16 18 21 22
8 14  0  5  6  7  9 10 12 13 15 16 18 19 21 23
10 12  1  4  6  9 10 13 15 16 20 21 22 23
3 11  4  5  6  9 11 13 15 17 20 21 23
16 9  2  6 12 13 14 16 18 20 22
16 14  0  4  6  7  8  9 10 11 12 14 15 17 18 22
15 9  3  5 10 11 12 13 18 20 22
7 11  0  1  6  8 10 12 13 15 16 20 23
11 7  0  1  6  9 13 16 18
0 13  2  3  4  5  6  7 10 12 15 18 20 21 22
4 17  0  1  3  4  6  7  9 11 12 13 14 15 17 20 21 22 23
11 13  2  3  5  6  7  8 10 12 13 16 17 18 19
8 6  0 10 11 21 22 23
1 11  0  3  4  6 10 14 15 17 18 19 23
7 17  1  2  3  4  7  8  9 10 11 12 13 15 16 17 18 19 22
4 9  3  4  5  7 18 20 21 22 23
7 9  4  8 11 14 18 19 20 21 22
0 15  0  1  3  5  8  9 10 12 13 15 16 18 20 22 23
0 9  3  7  9 10 11 12 13 15 22
12 4  7  9 13 15
0 10  0  2  5  7 10 11 12 19 22 23
1 9  7  8 10 12 14 15 17 18 20
2 8  3  9 10 15 19 20 21 23
7 12  0  1  2  3  5  7  8  9 13 14 16 21
19 0
11 8  1  3  4  6  8  9 12 14
7 6  3  7  8  9 12 18
5 8  0  7  9 11 12 14 15 18
9 13  0  2  4  5  6  7  9 10 11 12 16 17 18
3 5  5  6  7 14 18
14 8  3  6  7 11 13 14 17 18
10 10  2  3  4  7  8  9 10 12 13 17
9 13  2  3  5  6  8  9 10 12 13 14 15 16 17
1 8  0  5  9 10 12 13 14 17
10 11  0  1  2  3  5  7 10 11 13 15 17
9 10  1  2  4  8  9 12 13 14 15 16
11 4  3  8 13 18
10 12  0  1  2  3  8 10 11 14 15 16 17 18
7 11  0  2  3  4  6  7 10 12 15 16 17
9 9  0  2  6  8  9 11 13 16 18
6 5  3  7 12 14 17
7 7  0  3  4  9 10 11 13
17 5  2  5  8 12 16
6 9  3  4  7  8  9 10 14 16 17
13 0
11 3  1  4 10
18 2  3 11
14 3 1 6 8
2 7  0  4  6  7  8 10 11
14 5 1 3 6 7 8
0 4 1 6 7 9
9 10  2  3  4  5  7  8  9 10 11 12
11 5  2  4  8 11 12
9 10  0  2  3  5  6  7  9 10 11 12
0 1 8
16 5 0 4 5 6 7
10 8  0  1  3  4  5  6 10 12
2 3 3 4 9
18 1
10 7  2  3  4  6  8 11 12
1 4  4 10 11 15
9 6  1  8 11 12 13 17
5 7  4  5  6  7  9 14 17
16 7  0  7  9 12 14 16 17
4 4  1  2  4 12
18 10  0  2  7  8 10 11 12 14 15 17
11 9  0  2  3  5  6  8 10 11 15
11 10  1  3  4  5  6  7 11 14 15 16
6 11  4  5  7  8 10 11 12 13 14 15 17
3 11  0  1  2  3  7  8 12 13 14 16 17
13 8  0  1  3  5  6 13 16 17
15 7  2  4  9 10 11 13 16
11 7  1  3  4  5 10 11 14
1 10  0  2  4  5  7  9 12 13 16 17
15 8  0  1  4  7  9 12 14 16
0 13  0  1  2  3  5  7  8 10 12 13 14 15 17
3 10  1  2  5  8 10 12 13 14 15 16
20 1
10 5  4  9 11 13 18
8 8  0  2  3  4  6  7  8 11
5 12  0  3  4  5  6  7  8 14 15 16 17 19
13 9  5  6  8 10 11 13 14 16 18
12 7  3  5  6  8 14 17 19
0 10  3  4  6  7  8  9 10 12 17 18
13 10  0  1  2  5  7  8 12 16 17 19
16 10  0  2  4  6  8 10 11 14 16 17
12 7  3  5  7 11 14 16 17
4 8  1  2  3  8 10 13 16 18
3 10  1  2  5  6  8  9 12 17 18 19
7 10  1  4  7 10 12 14 15 16 18 19
16 10  1  2  3  4  5 10 13 14 15 19
4 8  0  1  2  4  6 14 16 18
13 9  0  1  4  5  7  8 12 17 19
12 8  1  2  3  4  5  9 11 16
3 6  1  2  8 10 15 17
1 13  0  2  3  4  5  6  7  8 10 13 14 16 18
13 11  0  1  2  3  6  7  9 12 13 14 19
8 10  0  1  2  5  6  9 10 11 12 15
14 1
14 7  2  4  7  8 11 12 13
8 8  0  2  3  7  8  9 10 13
6 3 0 5 6
7 7  0  1  2  5  9 10 11
18 5  5  6  7 11 12
13 9  0  1  2  3  4  6  8  9 12
10 9  0  1  2  3  4  7  9 10 12
14 4  0  9 11 13
1 3 0 2 7
12 3  4  7 10
10 6  2  4  6  9 11 12
14 9  0  1  2  3  4  8  9 10 12
2 9  0  1  2  3  5  6  9 11 13
18 5 0 2 6 8 9
11 1
17 5  1  5  6  8 10
1 4 2 3 5 8
3 7  0  1  3  4  8  9 10
9 0 []
3 3 3 8 9
1 4  0  3  6 10
14 8  0  1  2  3  5  7  8 10
18 8  0  2  3  5  6  8  9 10
2 6 0 3 4 5 7 9
2 1 3
2 3 3 6 9
15 1
4 3 2 4 9
16 4  5  6  9 13
5 5 3 4 5 7 8
9 4  0  2  4 14
1 8  0  1  5  6  8 10 13 14
0 7  0  2  3  4  6 10 14
0 4  0  1  2 12
2 8  1  2  3  8 10 11 13 14
15 5  3  4 11 12 14
11 5  0  5 12 13 14
13 7  1  2  5  6  7  9 11
8 6  0  1  8 12 13 14
15 7  3  6  7 10 11 13 14
7 4 6 7 8 9
9 7  3  4  7  8  9 10 12
28 0
5 2 12 24
18 10  0  2  4  5  8  9 12 16 21 26
6 5 14 16 19 21 23
4 11  1  2  8 11 12 14 17 18 22 25 27
7 13  0  5  7  8  9 10 14 16 20 21 22 24 25
12 6  6 11 12 14 20 23
8 6  5 11 13 14 21 22
1 4  8 14 19 21
17 14  1  2  9 10 13 14 16 18 19 21 22 24 26 27
12 16  0  1  6  7  8 10 11 14 17 18 20 21 22 24 25 26
0 11  3  4  7  8  9 14 17 19 22 26 27
3 16  4  7  9 10 12 13 15 16 18 20 21 22 23 24 25 26
15 7  2  3 10 11 15 16 17
3 12  4  5  7  8 11 15 17 18 22 24 25 26
2 15  2  3  8  9 10 12 13 15 17 18 20 22 23 26 27
7 9  3  7 14 16 19 22 23 26 27
9 19  0  1  2  3  5  6  9 10 11 12 13 14 17 18 19 22 23 24 27
17 19  0  1  3  6  7  8  9 11 12 14 15 16 18 19 20 21 24 25 26
17 21  0  1  2  3  4  5  6  7  8  9 11 12 13 14 15 17 22 24 25 26 27
16 8  1  4  9 11 13 16 17 18
14 8  2  9 11 17 19 24 26 27
12 6  5  8 10 13 14 24
1 20  0  1  3  4  5  7  8  9 10 11 12 13 14 16 17 18 20 23 25 26
18 13  1  3  4  7  9 12 14 15 17 22 25 26 27
7 14  0  1  4  6  7  8  9 14 17 18 22 25 26 27
17 9  1  4 12 13 14 19 20 21 22
2 16  0  4  5  8  9 10 11 12 13 16 18 19 21 23 24 25
14 12  6  8 10 12 13 15 17 18 19 22 24 25
15 1
17 6  1  2  3  5  9 14
4 7  4  5  6  7  8 12 14
18 7  3  4  9 10 11 12 14
10 6  4  7  8 10 12 13
3 8  0  2  6 10 11 12 13 14
5 9  2  3  4  7  8  9 12 13 14
17 7  2  5  9 10 11 12 14
15 8  0  1  4  5  8 10 12 14
11 8  0  2  3  4  6  7 11 14
6 9  0  1  2  3  4  7 10 11 12
9 9  0  2  3  4  5  6  7  9 14
10 7  0  1  7  9 10 12 14
4 10  0  1  3  4  5  6  7 10 13 14
16 9  1  2  4  5  8  9 11 12 14
14 4  7  9 10 12
27 1
5 10  2  6  7 12 13 14 15 16 17 22
12 13  2  4  6 11 13 15 17 18 19 20 23 24 26
14 14  0  3  5  6 11 12 14 15 18 21 22 24 25 26
1 12  0  1  4  5  8 13 18 20 21 22 24 26
15 19  0  1  3  5  6  9 11 12 13 14 16 17 18 19 20 21 24 25 26
13 13  0  3  4  7 10 13 14 19 21 23 24 25 26
16 10  1  5  9 11 14 16 19 23 25 26
1 12  0  1  4  5  8 12 16 19 21 22 23 25
2 15  1  2  6  9 10 11 12 14 15 17 19 20 21 24 25
9 12  0  2  3  5  6  8 11 13 17 18 22 25
10 13  0  2  4  5  8 12 13 14 15 16 20 21 22
7 13  1  4  6  9 13 14 15 16 18 21 22 24 26
7 12  1  2  3  6  8  9 10 13 15 16 18 20
8 14  0  1  3  5  6  8 10 17 18 19 21 22 25 26
17 14  1  5  7  8 10 11 13 16 20 22 23 24 25 26
16 16  1  2  3  4  5  7  9 10 11 12 14 18 20 21 22 23
5 5  2  8 11 12 14
0 12  2  3  5  6  7  9 12 13 14 15 18 25
13 15  0  1  3  5  6  8  9 12 17 19 20 21 22 24 25
8 12  1  4 11 12 15 20 21 22 23 24 25 26
12 15  1  4  5  6  9 10 12 16 17 18 19 22 24 25 26
18 13  0  1  7  8 10 13 14 15 17 18 20 24 26
12 11  2  4  7  9 10 11 16 17 18 21 24
10 13  0  3  5  6  8 11 13 14 16 17 21 22 26
9 9  1  6  8 10 13 18 22 23 25
8 13  0  1  2  3  8  9 10 11 13 14 19 21 24
12 17  0  2  3  5  7  9 10 11 12 13 14 16 17 18 22 24 25
13 1
12 6 2 4 5 6 7 8
0 11  0  2  3  4  5  6  7  8  9 10 12
16 8  1  4  5  8  9 10 11 12
10 6  0  4  6 10 11 12
4 9  0  2  3  5  6  7  9 11 12
13 10  0  1  3  4  6  7  9 10 11 12
18 5  2  7  8 10 11
17 4  0  2 11 12
10 2  3 12
16 5  0  3  8 11 12
7 7  0  3  4  5  7  9 11
13 6  0  4  6  9 10 12
16 9  0  1  2  3  4  5  6  7 11
22 1
13 8  3  4  8 11 12 13 17 21
18 12  5  8  9 10 11 13 14 17 18 19 20 21
18 4  8 15 16 20
18 9  0  1  2  5  8 14 16 17 21
15 11  1  3  7 12 13 14 15 16 17 19 21
5 9  0  1  2  6  8 10 11 18 19
13 11  2  3  4  7 10 12 14 15 16 19 20
10 8  0  2  3  8  9 11 17 19
16 10  1  2  3  5 10 13 14 16 17 19
3 12  0  2  6  7  8 11 12 14 17 19 20 21
7 14  0  1  6  7  9 11 13 14 16 17 18 19 20 21
14 10  0  3  5  6  7  9 10 12 17 21
16 8  1  2 13 14 16 17 20 21
2 10  2  3  6  8 12 14 15 16 18 21
2 11  0  3  6  7  9 12 13 16 19 20 21
15 12  0  1  2  3  4  5  7  8 12 13 17 19
7 10  0  3  5  7  8 10 11 12 13 15
10 6  1  4  9 11 12 14
14 11  0  1  3  7  8 10 11 14 15 17 21
2 14  1  3  4  5  6  9 12 13 14 15 16 18 20 21
16 13  0  1  3  4  8 10 12 14 15 16 17 18 19
15 10  2  3  4  5  7  9 10 12 13 19
24 1
12 11  2  5  6  7  8 10 14 15 20 21 23
7 13  2  3  4  6  8  9 11 12 13 14 16 17 18
6 10  3  5  6  7 10 11 13 14 15 17
11 11  1  2  7 10 11 12 14 16 17 20 21
2 11  1  5  7  9 11 12 17 18 19 20 21
9 10  3  7  8 12 15 16 17 18 19 21
4 10  5  7 10 11 15 16 17 19 20 22
0 10  1  4  6 10 11 12 13 17 21 23
15 9  0  2  3  6  7  9 10 12 14
0 14  0  1  2  3  6  8 10 11 12 14 17 19 20 21
5 16  0  1  2  3  5  7  8 11 13 14 15 16 19 20 21 23
12 12  0  1 10 12 13 14 15 17 18 20 21 23
15 12  1  2  3  4  7  9 11 13 14 15 19 21
16 8  0  3  6  9 12 14 18 23
1 13  0  3  4  6  7 11 12 13 15 18 19 21 23
11 11  1  3  5  6 11 12 13 16 18 19 22
2 11  2  5  9 12 13 18 19 20 21 22 23
14 11  1  3  5  8  9 10 13 14 15 20 21
11 14  1  2  3  4  6  7  8  9 14 16 17 20 21 23
2 12  2  4  6  7  9 11 12 16 17 20 21 23
14 14  0  1  3  6  7  8 10 11 13 15 16 17 21 23
5 10  2  3  4  7  8 10 13 18 19 22
1 13  0  1  4  6  7 10 11 12 15 17 18 19 20
7 12  1  2  5  6  7 12 14 16 17 18 19 22
27 0
6 3  4  6 21
18 10  3 10 11 13 15 16 17 22 23 26
10 12  3  6  9 12 14 15 17 20 22 23 25 26
10 18  1  2  4  6  7  8  9 10 11 12 13 14 18 20 23 24 25 26
17 8  1  7  9 11 13 15 20 23
11 4  8 13 21 22
11 12  0  4  7  8  9 11 13 15 19 22 23 26
0 7  2  3  5  9 10 16 23
16 13  0  3  5  6  7 11 13 15 18 19 20 22 24
12 13  0  1  6  7  8 10 12 13 15 21 22 23 25
3 14  1  7  8  9 12 13 14 15 16 17 18 19 21 24
2 9  2  3  5  6  7 13 15 19 20
13 8  3  4  5  8 10 16 17 23
9 21  0  1  2  3  6  7  8 10 11 12 14 15 16 18 19 20 21 23 24 25 26
10 23  0  1  2  3  4  5  6  7  9 10 11 12 13 16 18 19 20 21 22 23 24 25 26
3 18  0  1  3  4  8  9 10 12 13 14 17 18 19 20 21 23 25 26
0 5  3 11 15 22 25
12 4  1  2 10 14
18 15  0  2  3  4  7 13 14 15 17 19 20 23 24 25 26
8 15  1  2  3  4  6  7  9 10 12 14 22 23 24 25 26
5 14  0  2  3  5  6  8 10 11 14 15 19 22 23 25
6 3  3  8 25
6 5  9 13 14 15 23
12 12  1  2  5  6 10 11 12 14 18 21 24 25
13 12  1  3  5  6  9 10 11 13 17 20 25 26
11 11  0  6  8  9 11 14 17 18 19 21 22
14 10  1  2  4  8 13 14 17 20 22 23
26 0
12 3  3 16 17
18 15  0  4  5  6  8  9 10 11 15 16 17 18 19 20 21
6 18  0  1  3  4  5  7  8 10 12 14 15 17 18 20 22 23 24 25
0 10  0  2  7  9 11 13 15 16 18 22
3 13  1  2  5  6  8  9 10 11 14 17 18 20 21
3 13  1  2  4  6 10 11 12 15 16 17 18 21 23
3 10  1  2  7 10 14 17 19 21 24 25
14 14  0  2  3  5 10 11 16 17 18 19 20 21 22 25
15 10  0  1  3  6 11 13 14 15 18 25
12 12  1  2  3  5  7  8 13 14 15 20 21 22
9 23  1  2  3  4  5  7  8  9 11 12 13 14 15 16 17 18 19 20 21 22 23 24 25
6 18  0  1  2  3  5  6  8 10 12 14 15 17 18 19 20 21 23 25
8 3  1  3 24
1 12  2  3  6  7  8 11 12 14 18 22 24 25
3 19  1  2  3  4  5  6  7  8  9 10 11 16 17 19 20 21 22 24 25
7 5  2  8  9 11 14
17 10  2  3  4  6 15 17 18 19 21 25
10 13  2  3  6  7 10 11 13 14 16 19 20 21 25
11 11  0  1  5 12 13 15 17 20 22 23 24
6 7  0  1 15 17 18 20 25
12 5  2  4 12 14 25
13 18  0  2  5  6  8 10 12 13 14 15 16 17 18 19 20 23 24 25
4 8  2  3  8  9 12 14 19 20
0 4  6 16 22 25
12 6  1  8  9 10 16 25
10 19  0  1  2  4  5  7  9 10 11 13 14 15 16 17 18 19 20 23 24
10 0
9 8 1 3 4 5 6 7 8 9
7 1 0
1 7 0 1 3 4 6 8 9
1 2 0 2
18 2 2 5
16 2 2 3
16 2 0 5
3 1 4
0 2 0 5
5 2 2 7
16 1
12 8  2  3  6  7 10 11 13 15
2 8  0  2  3  5  7 10 12 13
5 8  0  3  4  6  7 12 13 15
12 8  2  6  7  8  9 12 13 15
9 7  0  1  5  7 10 13 15
10 9  0  1  7  8  9 10 13 14 15
12 8  1  2  4  5  9 10 12 13
10 9  3  4  5  8 10 11 12 13 15
2 7  2  3  5  6  7 12 15
6 10  0  1  2  5  6  8 11 13 14 15
11 8  0  1  2  3 11 12 14 15
4 11  0  2  4  5  6  7  9 12 13 14 15
9 4 0 4 5 9
17 9  0  1  2  4  7  8  9 14 15
17 11  0  1  2  4  6  7  8 10 12 13 15
13 11  0  1  2  3  4  5  7  8 10 13 14
24 0
18 11  1  2  3  4  6 10 11 13 17 21 22
16 8  0  3  8 10 13 15 17 21
14 6  0  3  5  8 13 22
15 8  0  4  6  9 16 17 22 23
7 10  1  3  5  9 11 14 16 18 21 22
11 2 0 3
17 14  0  1  3  4  7  8  9 13 14 16 17 20 22 23
13 6  0  8 12 13 20 22
1 8  0  1  3  5 10 12 13 20
8 7  2  4  6  7 20 21 23
2 9  0  4  6  8 12 15 18 21 22
15 2  6 14
7 2 1 2
10 20  0  1  2  3  4  6  7  8  9 10 11 14 15 16 17 18 19 20 21 22
18 7  2  4 10 11 17 18 22
18 8  5 11 16 17 19 20 21 23
9 18  2  3  6  7  8  9 10 11 12 14 15 17 18 19 20 21 22 23
5 14  2  3  5  8 10 12 13 14 15 16 18 19 21 23
11 8  0  1  2  5  6  9 16 19
11 4  2  5 15 23
1 7  0  3  5  6 10 11 17
13 17  1  2  4  5  7  8 10 11 12 13 14 15 16 17 18 19 20
11 13  0  1  3  5  6  8 13 14 16 18 20 21 23
2 8  0  4  8 12 16 18 21 22
16 1
3 4  1  2  7 13
16 5  0  4  5  6 10
5 8  0  4  5  9 10 11 12 15
6 6  0  4  5 11 12 13
14 11  0  2  3  5  6  8 10 11 13 14 15
3 7  0  2  3  7  9 11 12
1 7  1  3  5  8  9 13 15
13 7  0  3  4  5 10 12 14
5 9  1  3  4  5  6 10 11 14 15
4 4  7  8 11 13
14 9  0  2  3  4  6  7  9 14 15
18 10  0  1  3  7  8  9 10 12 13 15
10 7  0  5  6  7  8 11 13
2 10  2  3  4  6  7  8  9 11 14 15
14 6  2  3  4  5  9 15
5 8  1  2  7  8  9 10 11 14
21 1
0 9  1  5  6  9 11 12 13 15 19
0 9  0  2  4  9 10 15 16 19 20
17 7  1  3 10 11 12 17 19
11 12  4  5  7  8  9 11 13 15 16 17 19 20
12 10  0  1  2  3 10 12 13 15 17 18
18 11  3  6  8 11 12 14 15 16 17 18 19
13 14  1  2  3  4  7  8 10 11 12 13 16 18 19 20
14 8  0  1  6  9 11 12 15 20
11 11  1  3  5  7 12 13 15 16 17 18 19
17 14  0  1  2  3  4  5  6  7 12 13 14 16 18 19
3 10  1  2  4  8 12 13 14 16 17 18
12 9  0  4  6  7 13 16 17 19 20
16 11  1  2  3  6  7  8 10 14 17 19 20
8 7  1  4  6 10 14 18 20
15 9  0  3  5  8 10 12 17 18 19
5 9  2  3  4  6 11 13 16 18 20
7 11  0  1  2  3  7  9 14 15 17 18 19
13 15  0  1  2  3  5  6  7  8  9 10 13 14 15 18 20
5 4  0  3  5 12
13 7  0  2  5 11 14 17 20
12 10  0  1  4  7  8  9 11 13 15 19
15 0
7 0 []
13 10  0  3  4  5  6  7 10 12 13 14
17 3  4  6 11
12 10  0  1  2  5  6  7  8  9 10 11
8 3  6 12 13
3 6  1  4  6  7 10 13
16 10  1  2  3  7  8 10 11 12 13 14
8 9  0  1  3  6  8 10 11 12 13
14 4  3  4  6 10
5 2 1 7
8 6  6  7  9 11 13 14
5 5 0 3 4 5 6
2 6  1  5  8 11 13 14
11 7  1  3  4  5  6 12 14
2 7  2  3  5  7  9 12 13
21 0
16 9  1  4  7  8  9 10 15 19 20
12 12  0  2  6  7  8 10 11 13 14 17 18 19
5 11  0  1  3  7 11 12 13 15 16 18 20
6 6  0  4  7  9 10 11
7 3  0  1 10
18 5  1  4  8 12 18
1 11  1  3  4  5  7  8 10 13 15 16 18
4 5  0  1  5  8 14
13 10  1  3  4  7  9 10 11 12 15 20
10 9  0  1  2  6 13 15 17 19 20
13 11  1  2  5  7  9 12 13 14 16 17 19
7 8  0  8 13 14 15 18 19 20
2 8  1  5 10 14 15 18 19 20
13 14  0  1  2  3  5  7  8  9 10 11 12 14 16 20
17 5  1  4  8 11 13
0 10  0  1  3  9 10 12 17 18 19 20
15 1 20
1 8  0  2  6  8 10 14 18 19
0 5  1  9 12 13 15
9 19  0  1  2  3  4  6  7  8  9 10 11 12 13 14 15 16 17 18 20
17 6  0 10 11 15 17 19
13 0
0 2  2 10
1 7  0  5  7  8  9 10 11
9 8  1  6  7  8  9 10 11 12
17 1 8
4 0 []
3 1 2
1 2 3 5
13 5  0  1  9 11 12
14 6  0  1  6  9 11 12
4 7  1  3  4  5  6  7 10
3 4  1  8 11 12
16 9  1  2  3  4  7  8  9 10 12
12 4  2  6  7 11
25 1
17 13  1  2  3  4  5  9 11 13 18 20 21 22 23
0 11  0  2  4 10 13 14 16 18 20 22 23
10 12  0  5  8  9 11 13 15 17 20 21 23 24
6 18  0  1  2  5  6  8  9 10 11 12 13 15 16 17 20 21 22 24
8 12  0  1  6  7  8  9 10 11 17 20 22 24
2 18  0  1  2  3  4  7  9 10 11 12 14 16 18 19 21 22 23 24
5 10  0  2  7  9 12 14 15 17 23 24
8 9  0  3  8 11 12 13 14 17 22
14 10  2  3  7  9 12 14 16 18 20 23
5 12  1  2  3  5  8 11 13 16 17 18 20 21
4 12  0  2  3  4  8 13 17 18 20 21 22 24
3 14  0  1  2  3  4  6 10 15 16 17 18 20 21 22
9 11  0  2  4  5  6  8 10 11 17 19 21
5 15  0  2  3  4  5  6  7  9 11 12 16 17 19 20 23
16 13  0  1  5  6  7  8 13 17 18 19 20 21 23
3 12  3  6  7  8 12 13 14 16 17 20 23 24
13 12  1  4  6  8  9 11 13 17 19 21 23 24
14 12  1  2  4  6  8  9 10 14 16 19 20 21
10 12  1  3  5  6  8  9 11 12 13 16 19 22
9 14  0  2  4  5  7  8  9 12 13 14 17 18 20 24
14 12  2  5  6  7  8 10 11 12 15 18 22 24
1 12  2  3  4  8  9 11 12 14 18 20 22 24
6 13  0  1  2  3  4  6  9 12 13 15 21 23 24
1 7  3  8 13 17 18 19 21
8 10  4  6  8 10 11 12 13 15 16 19
29 0
8 5  6  9 10 20 21
4 12  3  6  7  9 15 16 17 19 21 22 26 27
13 13  0  6  7  9 11 12 15 18 19 24 25 26 28
5 9  2  5  8 10 11 15 19 20 24
2 13  6  9 10 11 13 15 16 18 22 25 26 27 28
12 9  9 11 13 15 17 22 23 24 25
3 13  2  3  5  8 11 13 14 16 17 20 21 27 28
14 12  8 10 11 12 14 15 21 22 23 24 25 27
9 17  0  3  4  6  9 10 11 14 16 17 18 19 21 22 24 25 26
9 22  1  2  3  6  7  8 10 12 13 15 16 17 18 19 20 21 22 23 24 25 27 28
8 2  7 24
7 6  5  7 19 24 25 28
13 6  9 11 15 17 22 28
12 12  4  5  6  8  9 18 19 22 23 24 26 27
8 3  0 17 22
2 14  0  1  2  5  9 13 16 18 20 21 24 25 26 28
9 19  0  1  2  3  4  5  6  7  8 13 17 18 20 21 23 24 25 26 27
9 22  0  1  2  3  5  6  7  8  9 10 14 15 16 18 20 21 22 23 24 26 27 28
4 14  0  1  5  6  8  9 11 12 13 14 16 23 24 27
16 15  0  2  4  5  7  9 11 13 16 17 18 20 25 26 28
15 14  0  1  3  5  6  8  9 10 14 16 17 18 19 28
1 7  0  4 11 23 25 26 27
1 6  1  2  6 25 26 27
5 12  0  2  4  9 10 11 12 13 17 18 21 28
14 18  1  4  7  9 10 11 12 14 15 16 18 19 20 21 22 23 26 28
5 9  5 12 14 16 18 19 21 24 28
12 21  1  2  3  4  6  7  9 10 11 12 14 16 17 19 20 21 22 23 24 25 28
17 11  0  1  6  8 10 13 14 19 22 23 26
15 8  2 13 14 16 17 19 24 26
17 0
18 9  1  2  3  4  5  8 12 14 15
18 8  4  5  6  7  8  9 14 16
12 6  3  4  6 13 14 15
16 5  0  6  7  8 14
3 11  0  1  2  7  8  9 10 12 13 14 15
8 2  6 15
6 9  0  1  2  7  8 10 12 13 14
17 11  0  1  2  3  4  8 10 11 12 15 16
3 13  0  1  2  3  6  7  9 10 11 12 13 14 15
4 5  1  6  7  8 11
5 7  1  3  5 11 12 13 15
8 2  6 14
16 6  6  7  8  9 11 14
0 4  2  4  6 16
10 13  0  1  2  3  4  5  6  7  8  9 10 12 13
8 5  2  7  8  9 14
1 2 1 6
10 1
10 5 1 2 5 6 8
1 3 4 7 8
4 5 0 1 4 5 6
5 5 0 1 4 6 9
1 4 0 6 7 9
17 3 0 1 4
16 7 0 1 2 3 4 5 7
5 6 1 2 3 4 5 9
12 2 0 2
3 3 3 4 8
28 1
8 13  4  5  9 12 15 16 18 19 20 24 25 26 27
2 13  3  5  7 10 11 12 13 14 15 18 23 24 26
15 16  0  1  7  9 10 11 14 15 16 17 18 19 21 22 24 25
17 18  0  2  4  5  6  7  8  9 15 16 17 19 21 23 24 25 26 27
2 13  0  3  5  8  9 10 11 15 16 18 22 23 26
3 13  0  1  2  9 10 11 12 15 20 22 24 25 26
3 16  1  4  7  8  9 10 11 12 14 17 18 19 20 22 24 27
3 16  0  1  4  9 10 12 13 19 20 21 22 23 24 25 26 27
12 15  0  2  3  4  5  6 13 14 15 19 20 22 23 24 27
16 11  0  1  2  3  6 10 13 14 16 23 24
18 10  0  2  4  9 11 16 21 22 24 27
4 10  0  2  5  9 12 17 20 25 26 27
4 15  1  3  4  6  7 10 13 14 17 18 19 21 23 24 26
2 13  0  5  6  7 10 12 14 16 18 19 22 25 27
5 16  0  1  2  4  9 10 11 13 16 18 19 20 21 23 25 27
11 13  5  6  8  9 10 11 12 13 14 20 25 26 27
12 11  1  2  3  4  8  9 18 20 22 24 26
16 17  1  3  6  7  8 10 13 15 18 19 21 22 23 24 25 26 27
1 16  3  6  7  9 10 11 12 14 15 16 17 19 21 22 23 26
6 14  0  1  3  5  7  8  9 10 11 14 15 18 26 27
18 7  0  9 15 18 19 26 27
3 18  0  1  2  3  4  7  8 10 11 12 15 18 19 20 23 24 25 26
11 14  2  3  6  7  8 10 12 13 15 16 17 18 23 26
3 11  4  7  8 15 16 18 20 22 25 26 27
15 16  0  1  2  4  6  8 13 14 16 17 21 22 23 25 26 27
8 16  0  1  4  5  6  8 14 16 17 19 20 21 22 23 26 27
14 14  2  4  5  7  8 12 14 16 17 19 20 21 22 23
10 12  0  1  7 11 12 15 17 18 21 22 23 26
22 0
14 7  3  5  8  9 10 11 17
11 2  6 19
12 5  1  3  8 10 19
11 11  1  2  4  6  7  8  9 11 14 15 17
6 6  2 10 11 12 20 21
7 7  1  8  9 11 16 17 20
14 8  0  3  9 14 15 16 18 20
7 8  2  5  6  8 14 17 18 21
9 13  0  1  5  6  7  9 13 14 15 16 17 18 20
9 14  3  6  8 10 11 12 13 14 15 16 17 18 19 21
8 0 []
0 7  0  3  5  9 15 17 21
4 7  0  1  5  6  9 15 17
15 6  4  6 12 15 18 21
10 11  0  3  4  5  6 11 15 16 17 18 20
4 8  3  8  9 11 14 16 19 21
10 17  0  2  3  4  5  6  7  9 10 11 12 13 14 17 18 20 21
7 15  1  2  4  5  6  8  9 10 11 12 13 15 16 18 20
2 14  0  1  3  4  5  6  7  8 10 13 16 19 20 21
5 3  0  3 15
11 8  0  2 11 12 15 16 18 21
13 7  3  5  9 11 13 17 19
14 0
0 2  7 13
1 11  0  2  3  4  5  6  7  9 10 11 13
9 12  1  3  4  5  6  7  8  9 10 11 12 13
5 5  1  5  9 12 13
12 3 3 8 9
3 6  1  8  9 10 11 12
6 3 11 12 13
3 4 2 3 5 9
6 8  0  2  3  5  7 10 12 13
0 4  0  2  5 11
15 5  3  6  8  9 11
0 7  0  1  2  3  5  7 13
6 2  8 13
15 2 1 2
28 0
17 16  1  2  3  4  7  8 11 15 16 19 22 23 24 25 26 27
4 18  0  3  4  6  8  9 10 11 12 13 15 17 18 23 24 25 26 27
2 14  0  1  3  5  6  7  8  9 10 11 12 13 22 23
12 14  2  4  5  7  8 12 13 14 15 19 23 24 25 27
0 7  2  7 11 14 16 23 26
15 10  7  8 10 12 13 20 23 25 26 27
17 8  2  4  7 17 18 22 23 24
1 21  1  2  3  5  6  8  9 10 12 14 15 16 17 18 19 20 21 23 24 25 26
13 14  1  3  4  5  9 11 12 13 15 19 20 23 25 26
12 7  0  2  7 10 12 13 27
2 19  0  1  4  6  7  8  9 11 13 14 16 17 18 19 20 22 24 26 27
18 19  0  1  2  3  4  7  8  9 10 13 14 15 16 17 18 19 22 25 26
3 15  0  1  2  3  7  8  9 13 14 15 17 18 23 24 27
11 16  1  3  6  8 10 11 15 16 17 18 20 21 22 24 25 26
6 5  4 13 18 20 24
8 9  1  2  7  8 10 12 18 23 24
9 13  0  1  2  4  6 10 11 13 15 18 19 20 27
1 8  0  5 16 21 23 24 25 27
4 16  1  3  5  7  8 10 11 12 15 21 22 23 24 25 26 27
17 9  0  2  3  4  8 14 18 26 27
8 2  9 22
14 5  7 20 24 26 27
0 6 10 11 15 18 23 25
10 22  0  1  3  5  7  8  9 10 11 12 13 14 15 16 17 18 20 21 24 25 26 27
5 13  0  3  5  7 10 11 12 15 19 21 22 23 25
4 13  0  3  7 10 11 13 17 18 19 20 21 22 24
12 11  0  2  6 14 16 17 18 20 21 25 27
7 7  4  6 10 17 20 21 23
26 0
8 16  1  2  4  5  8  9 11 12 15 16 17 18 20 21 24 25
3 16  2  3  4  7  9 11 12 15 16 17 18 19 20 23 24 25
10 18  0  1  3  4  5  6  7  8  9 10 11 12 13 16 20 22 23 24
12 13  0  2 10 12 13 14 15 18 20 22 23 24 25
10 18  0  1  2  3  6  9 11 12 13 14 16 17 18 19 21 23 24 25
11 7  1  6  7  8 13 14 23
12 16  0  4  5  8 10 12 13 15 16 17 19 20 21 23 24 25
17 10  3  5  6  8 10 12 18 20 21 24
11 12  3  6 10 11 12 15 17 18 22 23 24 25
15 10  1  4  5  7 11 12 14 17 24 25
5 4  2  8 12 23
3 14  0  1  2  3  4  6  9 12 14 19 20 22 24 25
3 18  0  1  2  3  4  5  7  8  9 10 11 13 15 16 20 21 22 23
15 7  2  3  4  6 12 22 23
7 5  4  5 10 11 17
14 7  0 11 17 19 22 23 24
4 7  2  6  8 13 17 18 25
7 3  3 12 18
8 2 5 7
5 13  1  3  4  5  8  9 11 12 14 18 21 22 25
6 9  8 10 11 12 16 17 21 22 23
18 6  0  2  4 11 23 25
13 13  0  1  2  3  4  7  8 12 14 16 19 24 25
0 18  1  3  4  5  6  7  8 11 12 13 14 17 19 20 21 22 24 25
3 13  0  1  2  8  9 10 11 14 15 19 21 22 23
0 6  8  9 10 11 13 15
18 1
5 8  4  6  7  8 12 15 16 17
8 7  4  5  6  8 10 13 14
3 11  0  1  4  7  9 10 11 12 14 16 17
1 11  2  4  6  8  9 10 11 12 15 16 17
14 4  1 12 13 15
1 9  1  6  7  8  9 14 15 16 17
10 9  0  3  4  8 11 12 13 16 17
14 7  0  2  5  6  8 13 16
3 7  4  5  6  9 11 12 14
0 12  0  1  3  5  6  7  8 11 13 14 16 17
4 11  0  1  2  3  4  5  6  8 12 13 16
6 9  1  2  4  5  7  8 12 13 14
0 10  2  3  4  6 10 11 14 15 16 17
8 8  0  1  4  6  9 11 16 17
0 8  0  5 10 11 12 13 15 17
12 8  0  1  2  3  5  6  7 16
14 8  2  3  4  5  6  8 10 12
17 10  1  3  4  5  6  7  8 10 15 16
19 0
5 5  1  3  7  9 16
12 3 11 17 18
5 5  0  1  5 11 16
9 14  0  1  2  4  6  8  9 11 12 13 14 15 16 18
17 8  1  5  6 10 12 14 15 17
15 2 10 12
12 8  1  3  4  5  7 11 12 14
17 11  1  2  3  4  5  6  9 11 14 16 17
2 10  0  3  5  7  9 12 13 14 17 18
13 10  2  3  4  7  8 11 12 13 15 16
11 2  8 13
17 10  2  3  4  6  7  8 12 16 17 18
12 12  2  3  5  6  7  8  9 10 11 13 17 18
8 6  0  3  7  9 16 17
2 3  4  9 11
6 4  1  8 12 18
6 12  0  1  2  5  6  7 10 12 13 15 17 18
2 9  4  5  6  7  8  9 12 14 16
0 5  2  4 10 12 16
26 0
10 14  1  2  8  9 10 12 15 16 17 20 21 22 23 25
11 6  2  6  7  9 10 11
18 5  1  3  4 12 17
13 9  1  5  7  8  9 11 17 21 23
10 14  0  5  6  7 10 13 14 16 17 18 20 21 24 25
2 11  1  6  7  9 10 11 12 14 18 24 25
10 12  0  4  7 11 13 15 16 19 21 22 23 24
3 20  0  3  4  5  6  8  9 10 11 12 13 14 15 17 18 19 21 22 23 25
17 9  0  3  6  7 10 13 14 24 25
11 13  1  3  4  6 12 13 14 16 17 19 20 23 25
13 14  1  2  3  4  7  9 11 18 19 20 21 22 23 24
13 5  1  4 14 21 24
0 6  3 11 15 18 20 25
8 12  2  3  4  8  9 16 17 18 20 23 24 25
13 16  0  2  3  4  5  7  8  9 10 12 13 17 18 19 20 22
0 5  3  4  8 10 18
2 4  5  6 13 24
0 8  3  6  7  9 11 13 14 24
10 9  0  3  6  7 10 12 14 22 24
16 8  4  6  7  8 13 14 23 24
8 1 24
1 12  0  1  2  3  6  7  9 11 15 18 20 25
10 10  0  5  9 10 11 13 19 21 24 25
12 9  1  2  6  7  9 12 13 18 20
18 15  0  3  4  8  9 10 14 15 16 17 18 19 21 22 23
5 8  0  1  2  8  9 12 23 24
11 1
7 4 2 3 5 6
3 3 0 4 7
16 4 3 5 6 9
13 5  0  2  8  9 10
2 5 2 3 5 8 9
3 4  0  4  8 10
11 7  0  1  2  3  7  9 10
17 5  1  3  4  9 10
15 4 0 1 3 9
6 2 5 7
3 5 1 2 6 7 8
23 0
17 14  1  2  3  4  5  6  7  8  9 12 16 17 18 21
13 3 12 17 18
14 13  0  3  5  6  7  8  9 13 17 19 20 21 22
3 8  1  4  6 12 13 15 18 22
6 5  5  7 10 11 21
16 7  0  6 10 11 13 15 22
1 12  0  2  3  4  9 11 13 14 15 16 18 22
6 4  5  9 10 11
10 16  0  1  3  4  5  6  7  9 10 12 13 14 15 16 19 20
5 6  0  2  5 12 14 18
6 2  4 16
16 9  0  2  5  6  7 15 16 17 18
2 16  0  1  2  3  6  9 10 13 14 15 16 17 18 20 21 22
2 12  5  6  8  9 11 12 14 15 17 19 21 22
16 8  2  5  9 11 13 15 17 22
6 14  0  3  4  5  6 10 11 13 14 16 17 18 20 22
16 6  0  2  6 12 13 21
10 17  0  1  3  4  5  7  8  9 11 12 13 15 16 18 19 20 22
15 13  0  5  8 11 12 13 14 15 16 17 19 20 21
1 5  4 11 13 20 21
0 7  3  5  8 10 13 16 17
3 13  2  3  5  6  8  9 12 13 14 16 18 20 22
15 12  2  4  6  7  8 11 12 13 17 18 19 21
12 1
4 6  2  3  4  7  9 10
10 5  3  4  7  8 10
14 5  0  1  6  7 11
1 4  0  1  5 10
18 5  1  8  9 10 11
10 4 0 1 6 9
14 4  5  7  8 11
11 6 0 2 3 4 5 6
6 6  2  4  5  6 10 11
2 8  0  2  3  5  6  8 10 11
11 6  0  1  4  5  9 11
17 4 4 6 7 9
12 0
1 2 3 6
12 4  3  4  6 11
0 3 1 6 9
2 4  1  6  9 10
12 3 1 2 8
9 5  1  4  6 10 11
2 7  0  1  3  5  7  8 11
14 2 2 3
6 4  0  2  4 11
1 2 3 4
11 1 6
9 10  0  1  2  4  5  6  7  8  9 10
17 1
14 9  2  3  4  5  8  9 10 11 12
10 9  0  4  6  7  9 10 11 13 16
13 0 []
14 10  2  4  5  6  8  9 10 12 13 16
8 4  8 12 13 16
11 6  4  7  9 10 14 15
7 8  1  2  3  4  5 10 13 15
11 10  1  2  3  5 10 11 12 13 14 16
2 7  2  4  5  6 10 13 16
8 11  1  3  4  5  7  8 10 13 14 15 16
1 6  0  1  5  6 11 14
14 10  0  2  5  6  8  9 12 14 15 16
15 0 []
6 5  1  5  8  9 12
2 9  0  1  2  3  4  5  6 12 16
16 11  1  2  4  5  6  8 10 11 12 14 16
2 6 0 2 3 4 6 8
18 1
9 12  2  3  4  5 10 11 12 13 14 15 16 17
6 4 0 2 5 6
15 2  4 15
0 11  0  2  4  5 10 11 13 14 15 16 17
12 9  1  2  3  5  6  7  8  9 16
9 3  0  3 10
3 7  0  5  7  9 12 13 14
1 10  0  2  4  6  8 10 11 12 13 16
4 9  4  5  6 11 12 13 14 15 17
15 11  0  1  6  8 10 11 13 14 15 16 17
15 7  1  4  5  7  8 13 17
8 4  5  6  7 13
16 13  0  1  2  5  6  7  8  9 10 11 14 15 16
0 11  0  1  2  4  7 10 11 12 14 15 16
16 5  5 10 11 16 17
12 9  1  4  6  7  8  9 14 16 17
7 8  2  5  7 11 12 14 15 17
6 7  0  1  3  7  8 10 14
18 0
14 6  2  9 10 12 15 17
5 4 11 12 14 16
10 15  1  3  4  6  7  8  9 10 11 12 13 14 15 16 17
0 10  0  1  2  6  7  8  9 11 13 16
1 3 6 7 8
3 4  8 12 16 17
7 1 10
11 10  2  3  4  5  6  8  9 10 12 13
4 9  0  1  2  3  5  7 10 11 16
11 4  2  7 10 16
4 3 12 16 17
8 5  0  7 12 14 15
3 7  5  8  9 10 11 14 16
18 3  2  9 16
7 2 10 13
0 5  0  3  6 10 17
1 15  0  1  2  3  5  6  7  8 10 11 12 13 14 15 17
13 8  1  2  6  7  8 13 14 16
14 0
3 2  3 11
12 10  0  2  3  4  5  6  8 10 11 13
11 2 4 6
15 4  1  4  6 13
11 8  0  1  3  5  6  9 12 13
1 3 0 7 8
1 10  1  2  4  5  8  9 10 11 12 13
11 2 4 9
7 1 9
17 2 1 3
13 5  3  4  7  8 13
1 3 1 3 6
8 1 1
6 9  1  2  5  6  7  8  9 11 12
13 0
8 1 4
5 7  0  2  4  7 10 11 12
3 7  1  4  5  9 10 11 12
8 4  0  6  9 10
0 7  0  2  3  6  9 11 12
12 3 0 6 7
7 0 []
12 5  3  5  6 10 12
17 1 7
17 3  2 11 12
14 8 0 1 2 4 5 7 8 9
11 4  2  3  4 10
15 6  3  4  7  8  9 10
23 1
0 12  3  6  8 13 14 15 16 17 18 19 21 22
10 15  2  3  4  5  6  8  9 10 12 14 16 17 18 19 20
15 12  1  4  5  6  7  8  9 12 14 15 17 22
11 9  1  2  5  7  8 10 11 15 20
12 10  0  3  9 11 12 16 17 18 21 22
2 13  0  2  3  6  7  9 10 11 12 13 16 18 19
7 15  0  1  4  5  7  9 11 12 14 15 16 17 18 19 21
12 14  0  1  3  4  6  8 10 12 13 14 16 17 20 22
1 12  1  4  5  6  9 13 14 15 16 18 20 22
5 12  0  2  4  7 10 11 13 14 15 17 18 22
0 7  4  6 13 14 15 20 22
1 12  0  2  3  4  5  6  8 13 15 16 17 21
1 10  0  1  3  5  7 10 13 15 21 22
2 11  0  2  4  9 10 14 16 18 19 20 22
7 8  0  2  4 10 12 13 19 22
11 13  0  1  2  6  7 11 12 14 16 17 19 20 21
1 8  5  7  8  9 13 14 17 22
10 13  3  4  5  6  7  8 11 12 15 16 19 20 22
10 12  0  1  2  6  9 12 13 14 16 17 19 20
0 13  1  2  4  5  7  9 10 11 12 13 16 17 22
9 12  0  1  3  6  7 10 11 12 13 14 18 21
1 13  2  3  4  7  8 10 11 14 17 18 19 20 22
4 15  0  3  4  5  7  8  9 11 12 14 15 16 18 19 20
29 1
13 16  1  3  5  6  7  8  9 10 14 15 16 20 25 26 27 28
8 16  0  2  5  7  8  9 10 15 16 17 19 20 21 24 27 28
6 13  1  4  5  6  9 10 13 14 17 19 22 24 26
0 17  0  1  4  7  8  9 11 13 15 16 18 20 21 23 24 25 28
3 17  0  1  5  9 10 12 13 14 15 16 17 18 20 23 25 27 28
14 8  7 11 12 15 22 26 27 28
0 15  0  1  2  3  9 10 12 13 15 16 17 19 22 23 28
18 14  1  2  3  5  8 10 15 16 18 19 22 24 25 28
5 18  0  2  3  4  6  9 10 13 17 18 19 20 21 23 24 25 27 28
2 16  0  1  4  5  6  8 10 11 13 14 19 21 23 24 25 27
12 13  0  1  2  4  5  6 11 14 16 18 19 27 28
0 14  0  2  4  7  8  9 13 16 17 21 22 24 25 26
5 12  1  7  8  9 11 14 15 16 19 20 21 24
3 15  1  2  3  7  8 12 14 15 17 18 21 23 24 25 26
2 13  0  1  5  8 12 15 16 17 21 22 23 24 25
7 14  0  1  6  9 11 12 13 14 16 18 19 21 24 26
8 11  0  1  4  8 12 13 14 19 20 27 28
10 8  1  2  9 12 13 14 16 21
0 13  5  6  7  8  9 12 13 16 17 19 21 22 26
2 15  1  4  5  6  8  9 10 11 13 14 17 18 21 22 25
1 16  1  2  3  6  8 10 11 13 15 16 17 18 19 22 25 26
1 16  0  1  3  4  6  7 10 11 15 16 17 18 19 20 24 27
1 13  2  4  5  6  9 12 13 15 18 23 24 27 28
13 13  0  3  6  8  9 11 12 13 14 16 17 21 26
17 13  0  1  2  5  6  9 10 11 12 14 17 19 25
5 10  1  2  8  9 10 15 20 22 23 27
17 13  0  2  7  8  9 10 11 17 19 20 21 24 27
8 11  2  6  7  8 12 14 21 23 24 25 28
1 18  0  3  4  5  6  8 10 11 12 13 15 16 17 18 21 24 26 27
26 0
7 15  1  5  8 10 11 12 14 16 17 18 20 21 23 24 25
11 4  0  5  9 19
2 11  1  3  7  8 13 14 15 19 20 21 24
6 6  0  2  4  9 12 15
1 4  0  8 22 23
6 12  0  1  2  3  6  7  8 11 14 18 19 21
18 14  0  3  4  5  7  8  9 13 14 18 19 22 23 24
5 9  1  2  3 10 13 19 20 21 23
2 15  0  2  4  6 10 12 13 15 17 18 19 20 21 22 24
17 6  4  5 11 12 14 20
14 12  0  4  5  6  9 12 14 16 18 19 23 25
4 9  0  3  6 12 13 15 18 20 21
7 9  0  1  4 10 13 14 16 18 23
14 7  2  6  7 15 16 17 23
2 19  0  1  2  4  5  6  7  8 10 11 12 15 16 17 19 20 21 23 24
17 14  1  2  7  9 10 11 14 16 18 19 20 22 23 25
2 9  3  5  6  7 13 14 15 19 20
13 17  0  2  3  4  6 10 11 12 13 14 18 19 20 22 23 24 25
15 2  0 14
13 21  2  3  5  6  8  9 10 11 12 13 14 15 16 17 18 20 21 22 23 24 25
18 10  1  9 12 13 14 18 19 21 23 25
17 10  1  2  4  5  8 11 12 13 20 23
14 8  0  9 13 15 17 20 24 25
10 19  0  1  2  3  4  5  6  7  8  9 10 11 12 16 17 19 21 22 24
13 12  0  1  2  3  6  7 11 12 13 18 21 23
16 3  1 11 19
12 1
4 6  2  5  8  9 10 11
1 8  2  4  5  6  8  9 10 11
15 7  0  3  4  6  8 10 11
17 7  2  4  6  8  9 10 11
12 9  0  1  3  5  6  7  8  9 10
1 7  0  1  2  3  7  9 11
9 3  1  8 11
13 6  1  4  6  8 10 11
10 4 2 6 7 9
9 3 2 7 8
7 5  0  4  5  8 11
8 5 1 2 4 6 8
18 1
2 6  2  3  8  9 10 14
4 8  0  2  8 10 12 14 15 16
6 7  0  1  4  5  8 12 15
14 8  2  5  7  8  9 10 11 16
9 9  0  2  3  6  7 10 12 13 17
3 4  7  9 11 16
5 9  0  2  4  5  8  9 12 16 17
1 11  0  2  3  5  6  8  9 11 13 15 16
11 14  0  1  2  3  4  6  7  9 11 13 14 15 16 17
17 9  0  1  4  5  7 10 12 13 15
2 8  1  3  6  8 12 13 14 17
9 9  0  2  3  4  9 12 14 15 16
13 10  1  3  5  7  8  9 10 11 13 14
15 8  0  2  6  7  8  9 10 11
11 10  2  3  4  5  6  7  9 12 15 17
1 10  0  1  5  6  7  9 10 11 12 13
10 8  2  4  5  6  7  8 13 17
0 6  0  1  2  6 10 14
23 1
2 11  1  3  4  5  6  7  8 11 20 21 22
8 12  4  6  7  8 10 11 12 13 14 17 18 22
18 11  0  3  4  5  6 12 13 14 15 19 21
4 10  2  4  5  6  9 11 13 18 19 21
17 12  0  1  2  6  9 10 11 15 18 20 21 22
2 14  0  1  2  3  6  7  8  9 11 13 14 17 18 21
12 7  2  4  7  8 12 18 19
15 14  0  1  3  8  9 10 13 16 17 18 19 20 21 22
6 12  0  1  2  4  6  7 10 12 14 17 18 22
7 9  1  6  8 10 12 13 14 15 21
1 14  0  1  2  3  5  6  8 12 14 15 16 17 19 20
10 14  1  3  5  7  8 10 12 15 17 18 19 20 21 22
6 10  1  3  5  8 10 14 16 17 18 20
13 11  1  2  4  7 11 14 15 16 19 20 22
13 7  0  8  9 11 13 19 20
10 15  1  2  3  6  7  9 11 12 13 14 16 17 18 20 21
16 11  1  2  4  5  9 10 12 13 15 21 22
2 12  0  1  2  3  5  8  9 11 12 14 18 22
14 9  1  3  6  9 10 14 15 20 21
0 14  0  1  2  3  4  6  8  9 11 13 14 17 18 22
12 11  1  3  5  6  8  9 11 12 17 18 19
2 13  0  1  2  4  5  9 12 13 14 15 16 17 22
9 15  0  2  3  5  6  7  8 11 12 13 14 16 17 19 21
25 1
8 12  2  3  5  7  8  9 11 14 17 20 21 22
9 11  2  3  6  7 10 11 12 14 18 22 24
12 17  0  1  3  5  6  7  8  9 11 13 14 16 17 18 19 22 23
2 7  0  2  8 12 15 19 24
0 14  0  5  6  7  8  9 13 14 16 17 19 21 22 24
8 12  0  1  2  3  6  7  8 12 13 19 23 24
13 19  0  1  2  3  4  5  7  8  9 10 13 15 16 18 19 21 22 23 24
7 16  0  1  2  3  4  5  8  9 10 11 14 16 17 19 21 22
16 11  0  3  4  5  9 12 13 15 17 23 24
13 14  1  4  6  7 10 13 15 16 17 18 19 21 22 23
9 14  1  3  5  6  7 11 12 13 14 15 16 18 22 23
1 7  2 10 13 15 16 19 21
1 16  0  2  3  5  7  8 10 11 13 14 16 17 18 19 22 23
8 15  0  1  5  7  9 10 11 14 16 18 19 20 21 22 24
10 13  2  3  5  6  9 11 12 13 17 20 21 22 24
7 14  0  3  4  5  6  7  8 10 11 12 13 19 22 24
2 12  1  4  5  6  7  9 10 12 14 20 22 23
2 12  0  1  2  3  4  5  8 11 15 20 21 22
5 14  0  2  4  5  6  8 12 13 16 17 19 20 22 24
14 14  0  2  3  8  9 10 11 12 16 17 18 20 22 23
18 14  0  1  2  4  6  7  9 10 11 12 15 16 18 23
6 12  1  4  9 10 12 14 15 17 18 19 23 24
9 13  3  4  7  9 10 11 12 15 16 18 19 21 23
9 7  5  8 14 17 18 22 24
5 11  1  2  4 10 11 13 14 16 17 18 20
24 1
18 13  1  4  6  7  8  9 11 12 13 14 15 17 19
18 15  0  2  3  4  5  6  8 11 14 15 16 17 18 19 22
5 16  0  4  6  7  8  9 10 11 12 13 14 15 19 20 21 22
11 7  2  6  7  8  9 16 20
6 9  3  8  9 10 11 12 15 17 23
16 8  1 10 11 12 15 16 21 23
4 11  1  2  4  9 10 13 14 16 17 22 23
1 17  0  1  4  5  6  8  9 10 11 12 13 14 15 16 17 19 23
13 9  0  2  3  6 11 13 15 19 23
2 12  0  4  5  7 10 12 15 16 17 18 22 23
5 14  0  1  3  5  7  9 11 12 14 15 18 20 22 23
5 10  1  2  5 10 14 15 17 18 19 22
0 12  1  4  7  8 10 14 15 17 20 21 22 23
2 16  1  4  5  6  7  8 10 11 12 14 17 18 19 21 22 23
0 16  0  1  2  6  8  9 10 12 13 15 16 18 19 20 21 23
2 13  1  3  6  8  9 11 12 16 17 18 19 20 23
5 12  0  1  2  4  6  8  9 11 18 20 22 23
17 11  1  2  4  7  9 10 13 16 18 19 21
1 14  0  1  2  4  5  6  7  9 12 13 16 19 20 22
3 10  1  2  9 10 11 12 15 17 20 22
3 11  3  5  6  7  8 12 14 15 17 19 23
8 12  2  3  6  7  8 11 13 14 16 17 19 23
11 12  1  2  4  8  9 10 12 13 14 19 21 23
4 11  3  4  6  8 11 12 13 14 15 19 21
14 0
15 4  4  6  8 10
6 3 0 7 8
2 7  1  5  6  7  9 10 11
13 3 1 4 9
8 5  0  2  7  9 11
17 6  3  6  8  9 10 13
10 7  2  4  5  7  8  9 10
9 13  0  1  2  3  4  5  6  8  9 10 11 12 13
8 1 6
6 12  0  1  2  3  4  5  6  7  8 11 12 13
12 7  2  3  5  6  7  9 12
7 3  4  6 13
13 4 2 5 6 7
17 2 5 7
