2877
11 1
16 4 3 6 7 8
16 3  2  6 10
8 6  0  3  6  7  8 10
21 6  0  2  6  7  8 10
24 2 2 9
3 4  0  1  2 10
3 3 2 4 5
20 2 2 3
26 1 7
0 3  0  6 10
31 5 0 3 6 8 9
14 1
4 3  1  3 12
20 4  8  9 10 13
13 7  0  3  6  7  9 10 11
32 2 2 6
21 9  0  1  2  7  9 10 11 12 13
20 3 1 4 8
26 2 0 1
21 8  2  3  4  6  8 10 11 12
30 4  0  1 11 13
30 1 6
21 11  0  2  3  4  6  7  8  9 11 12 13
12 3 0 2 5
14 3 2 5 6
32 4  1  2  3 12
25 0
17 15  1  6  8 10 11 12 13 14 17 18 19 20 21 22 23
15 15  0  2  3  4  7  8  9 10 12 15 16 17 19 20 24
11 6  0  1 14 16 18 21
17 13  0  1  5  9 10 11 14 15 16 17 18 19 23
7 7  1  3  6  7 14 18 23
10 13  0  1  2  3  6  7  9 12 13 14 15 17 23
34 4  1  4 10 15
16 12  0  1  2  5  6  8 10 17 18 20 21 24
3 13  0  1  4  5  7  9 11 12 14 15 18 21 24
17 5  3  5 10 13 16
16 7  2 11 13 14 17 19 23
4 14  0  2  3  4  6  9 10 12 13 14 15 19 23 24
11 19  1  2  3  4  5  7  8  9 10 13 14 15 16 18 19 20 21 22 23
32 15  0  3  4  5  6 10 11 12 14 16 17 18 20 22 24
35 12  3  6  8  9 11 12 17 18 19 20 21 24
20 10  0 11 12 13 16 18 19 20 22 23
1 10  1  2  5 10 11 12 15 17 23 24
36 18  0  1  2  4  5  6  7 10 11 13 14 16 18 19 20 22 23 24
29 1 22
0 15  1  2  3  4  9 10 12 13 14 17 18 20 21 22 23
14 17  1  2  6  7  8  9 11 12 13 14 16 17 18 19 21 22 24
19 13  0  1  3  4  8  9 12 13 15 16 17 19 22
24 12  0  1  2  4  9 11 15 16 17 18 23 24
33 10  1  4  5  9 10 12 17 20 21 24
29 4  6  7  8 21
15 1
2 9  1  3  4  6  7  8  9 10 14
25 7  3  4  6  8 10 13 14
17 10  1  3  4  6  7  8  9 10 11 14
17 3  1  7 11
26 10  0  1  2  6  7  8  9 10 12 14
1 3  9 11 12
22 3  3  9 11
32 3  2  4 10
36 6  0  2  6  7  9 11
19 0 []
1 5  2  7  8 11 14
27 12  0  1  2  3  4  6  7  8  9 10 12 14
6 8  0  2  3  4  6  8  9 11
16 9  3  4  6  8  9 10 11 12 14
5 7  0  2  4  8  9 10 12
24 1
17 14  1  2  3  4  5  6  8  9 10 12 14 16 21 23
34 9  3  6  8  9 10 14 15 20 22
35 13  0  3  5  7 10 11 12 14 16 17 19 20 21
11 12  0  5  6  7 10 12 16 17 20 21 22 23
7 11  0  8 10 11 14 18 19 20 21 22 23
22 8  0  4  6  7 10 11 18 19
30 8  0  1  3  4  7 12 13 15
1 4  8 14 15 18
3 11  0  1  5 10 11 13 15 18 20 22 23
18 7  0  6 10 17 18 19 22
9 9  3  8 12 14 15 17 18 20 21
25 16  0  1  4  5  6  7  8  9 12 14 15 16 17 18 20 22
5 10  3  5  7  9 10 15 16 17 18 22
34 11  3  5  6 11 12 14 15 18 19 20 22
36 10  0  3  5  8  9 10 12 15 19 22
31 10  0  2  5  8  9 11 13 16 19 21
0 12  2  3  6  8  9 10 11 17 18 19 20 21
4 8  1  3  5  7 12 14 15 18
1 10  2  3  6  9 10 12 13 15 21 22
34 10  2  7  8  9 10 11 12 14 17 22
26 14  3  6  7  8 10 11 12 14 16 17 18 19 21 22
2 15  2  3  5  6  8  9 10 11 12 14 17 18 19 20 22
6 14  0  1  2  3  5  7  8 10 12 16 17 18 19 21
15 9  0  2  4  5 10 14 15 19 20
20 0
15 15  1  2  4  6  7  8 10 11 12 13 14 15 16 17 18
26 6  0  6  9 10 11 12
25 10  0  3  4  6  8  9 12 15 17 18
9 11  4  5  6  9 10 11 15 16 17 18 19
26 3 11 13 19
24 6  0 10 11 14 15 18
14 9  0  5  7 13 14 15 16 18 19
5 3 1 2 8
0 16  1  3  4  5  6  7  9 11 12 13 14 15 16 17 18 19
36 13  0  1  2  3  6  7  8 10 11 13 15 16 17
23 7  6  9 12 13 17 18 19
11 12  1  2  5  6  7  8  9 10 12 14 15 19
25 11  3  4  6  7  8  9 10 14 15 16 17
12 3 2 5 7
17 8  2  3  4  9 12 13 16 18
30 12  0  1  3  5  7  8  9 10 11 13 16 19
32 14  0  1  2  4  5  6  7  9 11 12 13 14 17 19
8 12  0  2  4  6  7  8 10 14 15 16 18 19
30 14  0  1  4  5  6  7  8 10 11 14 15 16 17 19
3 4  5 11 12 17
16 0
27 4  9 10 11 15
1 11  0  3  4  5  8  9 11 12 13 14 15
33 3  5 12 13
18 6  1  4  5  7  8 12
12 8  1  2  5  6  7  8 12 13
32 7  1  2  3  7  9 13 14
29 2  3 15
20 1 4
11 12  0  2  4  6  7  9 10 11 12 13 14 15
0 12  0  2  3  4  7  8 10 11 12 13 14 15
7 5  0  1  8  9 11
19 6  0  1  2 10 13 14
13 5  3  4  6  8 14
17 8  0  1  6  7  8  9 10 15
23 10  0  1  2  3  4  6  7  8 13 15
9 15  0  1  2  3  4  5  6  7  8  9 10 11 12 13 14
17 0
15 8  1  2  3  4  5 11 13 14
23 5  3  6  7  8 16
21 5  0  7 10 11 13
17 12  0  1  2  4  5  7  8 10 11 12 15 16
18 12  1  2  3  6  7  8  9 12 13 14 15 16
14 12  1  2  3  4  8  9 11 12 13 14 15 16
21 3  4  9 16
17 6  4  6  9 12 14 15
22 7  0  1  3  4  5  7 14
32 11  0  1  3  6  7  8 11 12 13 14 16
5 6  1  6  8  9 11 16
32 9  0  2  3  7  8  9 13 15 16
8 1 15
7 7  1  2  3  5  8 14 15
25 9  0  1  3  7  8  9 10 11 12
23 10  0  1  2  3  6  8  9 10 11 12
30 9  0  2  3  4  5  6  8  9 14
12 0
11 5  4  5  7  9 10
16 9  0  2  4  5  6  8  9 10 11
11 2  7 10
7 5  2  4  7 10 11
15 5  2  5  6  9 10
18 9  0  1  2  3  4  7  8  9 11
5 3 0 2 5
33 3  2  8 10
11 4  1  2  3 11
3 9  0  1  2  3  4  6  8 10 11
32 0 []
10 9  0  1  2  3  4  6  7  9 10
26 0
1 15  2  4  7  9 10 11 12 14 15 16 18 20 22 24 25
35 14  2  4  5 13 14 15 16 17 18 20 21 23 24 25
14 15  0  3  4  5  6 10 12 14 15 17 18 19 20 21 22
21 11  5  6  7  9 10 11 17 19 20 22 25
10 14  0  1  2  5  6  7  8 11 12 16 17 19 20 25
8 11  0  2  3  8 12 14 15 16 21 22 25
4 18  0  1  2  5  7  9 10 11 12 13 14 16 17 18 20 22 23 25
7 13  0  3  4  5 10 12 15 16 17 18 19 22 24
17 14  0  1  2  3  4  5  6  7 14 15 16 18 19 21
20 10  1  4  5  6  8 11 13 16 18 19
26 23  0  1  2  3  4  5  6  8  9 11 12 13 14 15 16 17 18 19 21 22 23 24 25
0 17  0  1  2  3  6  8 13 14 15 16 17 19 21 22 23 24 25
12 15  0  2  3  4  5  8 14 16 17 19 20 21 23 24 25
35 5  0  9 11 16 21
4 11  0  3  7 10 16 17 18 19 21 22 23
3 14  5  6  7  9 11 12 13 14 16 17 20 21 22 23
18 20  0  1  2  3  5  6  7  9 12 13 15 17 18 19 20 21 22 23 24 25
27 11  1  2  4  7  8 11 12 13 14 20 21
18 17  1  3  4  5  6  7  9 10 11 13 14 15 17 19 20 22 25
16 9  0  1  4 11 12 14 15 16 23
8 4  2  5 10 18
35 11  1  3  6  7  9 17 19 22 23 24 25
5 14  1  2  4  6  7  9 11 12 13 16 18 19 24 25
13 3  8 15 24
12 13  3  4  7  8  9 12 13 15 16 17 19 23 25
16 10  0  1  4  9 12 13 14 16 18 22
15 0
7 13  1  2  3  4  6  7  8  9 10 11 12 13 14
29 2  6 10
27 2 3 7
21 1 10
29 2 0 5
7 10  0  1  2  4  6  8  9 10 11 14
7 11  0  1  3  7  8  9 10 11 12 13 14
28 12  0  1  2  3  5  6  8  9 10 11 12 14
29 1 11
30 10  0  2  3  4  5  6  7  8 10 11
14 6  0  1  4 11 12 13
10 12  0  1  3  4  5  6  7  8  9 10 13 14
13 6  0  6  8  9 10 14
17 1 0
15 11  0  1  2  3  7  8  9 10 11 12 13
17 0
21 10  2  4  5  6  7 10 11 13 14 15
8 10  0  2  3  4  7  8 12 13 14 15
18 10  0  1  5  6  7 10 11 12 13 16
16 2  9 11
21 11  1  2  5  6  7  9 10 11 12 13 16
10 14  0  1  4  6  7  8  9 10 11 12 13 14 15 16
27 1 13
29 4  9 11 14 16
8 13  0  1  3  4  6  7  9 10 11 12 13 14 16
17 4 10 11 12 13
0 9  1  2  3  4  7  8  9 11 13
34 8  0  5  7  8  9 10 14 16
16 6  0  1  8 13 14 15
35 3  4  9 10
33 15  0  2  3  4  5  6  7  8  9 10 11 12 13 15 16
36 15  0  1  3  4  5  6  7  8  9 10 11 12 13 14 16
24 1 9
28 0
13 15  1  4  5  7 11 12 13 15 16 18 20 22 23 25 27
22 21  0  2  3  6  7  8  9 10 12 14 15 16 17 18 19 20 22 23 25 26 27
21 5  5 14 16 19 26
16 5  0 14 16 17 21
31 16  0  1  2  3  5  6  7  8 11 18 19 20 21 23 26 27
6 16  6  7  9 12 13 14 15 16 17 18 21 22 23 25 26 27
15 12  0  1  3  4  9 12 13 15 17 20 23 26
22 16  3  5  6  8  9 11 13 17 18 19 20 21 22 24 26 27
28 9  1  4  6  9 10 18 21 22 26
20 8  5 13 15 16 20 23 24 25
23 19  0  2  4  6  7  8 11 12 13 15 17 18 20 21 22 23 24 25 26
0 14  0  1  2  3  4  5  7  8 10 12 14 17 18 27
18 7  0  5 11 15 17 18 27
10 10  1  2  4  5  7 12 20 22 24 26
10 13  0  3  6  7  8  9 10 13 15 17 24 25 27
28 19  0  1  2  5  8  9 10 12 13 16 17 18 19 20 21 22 23 26 27
26 10  6 10 11 13 15 17 18 19 20 25
36 19  0  2  4  5  7  8  9 10 11 12 16 19 20 21 22 23 25 26 27
36 21  1  2  3  4  5  6  7  8  9 10 12 13 14 15 20 21 23 24 25 26 27
33 19  1  2  3  4  6  7  8 11 12 13 16 17 18 20 21 24 25 26 27
30 13  5  7  8  9 11 12 13 15 19 21 22 25 26
27 12  0  1  5  7  8  9 17 18 19 23 24 27
1 19  0  1  2  3  6  8  9 10 11 13 15 16 17 20 21 23 24 26 27
0 17  0  2  3  4  6  7  8 10 12 14 15 20 21 22 24 25 27
12 11  0  1  5  8  9 10 12 13 16 21 27
25 4  5 10 16 24
36 10  3  5  6 11 15 16 17 18 23 27
13 1 15
19 0
6 11  1  4  5  6  7  8  9 10 11 12 13
29 5  7 10 14 17 18
15 11  1  5  6  7  8  9 11 14 15 16 17
33 5  2  4  5  7 18
11 12  0  1  2  3  7  9 11 12 15 16 17 18
12 10  0  1  2  3  4 11 12 13 17 18
1 12  1  2  3  4  8  9 10 11 12 13 14 15
0 13  0  1  2  3  8  9 10 11 12 13 14 16 18
19 14  0  1  2  5  6  7  9 12 13 14 15 16 17 18
12 11  1  2  3  4  7 10 12 13 15 17 18
3 8  2  3  5  7  9 15 16 18
32 14  0  1  2  4  5  6  7  9 10 13 14 15 16 17
33 8  0  1  2  3  5 11 16 17
20 4  3  8  9 17
5 14  0  2  3  4  5  7  9 10 11 12 13 15 16 17
4 9  2  5  6 10 11 12 14 16 17
27 7  0  4  6  8  9 11 13
7 8  0  1  4  6  7 13 15 18
26 6  0  3  8 12 14 15
10 0
7 4 2 6 7 8
32 8 0 2 3 4 6 7 8 9
32 0 []
32 5 0 2 7 8 9
5 2 1 6
14 7 0 1 2 4 6 7 9
32 7 0 1 2 3 4 7 8
12 0 []
3 1 3
17 3 0 1 3
26 1
13 16  2  3  4  5  6  7 10 11 12 13 15 17 20 21 22 23
24 8  3  6  9 17 19 21 22 25
13 11  1  4  6  8 12 15 19 21 22 23 24
9 11  1  5  7  9 10 12 13 15 17 20 25
2 12  2  3  6  9 11 12 15 16 18 19 23 24
6 12  1  3  4  6 10 11 16 19 21 23 24 25
32 13  3  4  7 11 14 15 16 17 19 20 21 22 23
1 17  0  1  3  5  6  9 10 11 12 15 16 18 21 22 23 24 25
20 6  1  3  9 12 19 22
27 11  0  1  4  8 10 12 14 15 16 20 24
33 9  1  2  3  7 11 14 16 19 20
27 12  0  1  2  5  8 15 17 18 19 20 22 23
4 15  1  2  6  7 11 13 14 15 16 17 18 20 21 23 25
9 13  1  3  4  5  7  8 11 14 16 17 18 22 24
27 12  0  1  3  4  7 10 15 16 17 19 21 23
13 13  2  4  6  8 10 11 12 14 16 17 18 21 22
26 16  0  1  2  3  4  5  7 12 13 18 19 20 22 23 24 25
2 12  0  4  5  6  7  9 12 13 18 19 20 23
6 11  0  2 11 13 14 15 16 17 20 21 24
5 12  0  4  6  9 10 13 15 16 18 22 23 24
25 14  1  2  3  5  7  9 10 11 12 13 16 18 23 24
0 15  0  3  6  7  8  9 11 13 14 17 19 20 22 24 25
7 14  0  1  2  4  6  7  8  9 13 16 17 18 19 25
10 10  2  3  7 10 11 13 14 18 22 24
29 12  1  3  4  5  9 10 12 13 16 17 22 23
33 10  0  1  2  5  8 11 12 15 16 22
29 1
36 19  1  2  3  4  6  8  9 10 11 12 14 15 16 17 18 24 26 27 28
14 17  0  3  4  5  6  7  9 11 12 13 17 18 22 24 25 26 28
16 11  0  1  4  7 12 13 14 16 19 22 27
7 18  0  1  4  6  7  8 11 12 13 14 15 16 17 18 23 24 25 26
20 18  0  2  7  8 10 11 13 14 15 17 18 19 20 22 23 24 25 28
36 8  0  2  4 14 17 20 21 25
4 15  0  5  8 10 12 13 14 16 18 19 20 21 22 25 27
18 17  2  3  4  5 10 11 12 14 16 17 18 19 23 24 25 27 28
29 18  0  3  4  5  7  9 10 14 15 16 19 21 22 23 24 25 26 28
12 17  2  5  6  7 10 11 12 13 14 15 16 18 19 24 26 27 28
10 14  1  3  4  5  6  7  8  9 17 21 23 24 25 27
9 17  1  4  6  7  8  9 10 14 15 18 19 23 24 25 26 27 28
26 15  0  1  2  3  9 13 14 16 19 20 22 23 24 25 28
19 4  8 15 23 28
17 16  0  1  3  6  8 11 12 13 16 17 19 21 24 25 26 27
20 14  2  3  8 12 14 17 19 20 21 22 23 24 25 27
29 10  2  9 10 15 17 18 20 22 24 28
36 14  1  2  3  4  8 11 13 16 20 21 22 24 27 28
34 12  5  7  8  9 10 15 21 23 24 26 27 28
19 12  4  5  7  9 13 14 15 17 18 20 21 28
31 13  0  3  4  5  6  7  8  9 10 17 19 23 27
9 12  0  2  4  6  7  9 11 14 17 24 25 26
29 10  0  2  6  8 17 21 23 24 25 26
0 17  2  4  6  7  8  9 10 12 13 15 16 17 21 22 25 26 28
20 11  1  2  3 10 13 14 17 18 20 21 27
7 9  4  5  6  7  9 15 21 23 27
2 17  0  1  3  4  6  7  8  9 10 11 15 16 17 22 25 27 28
2 15  0  2  4  5  7  8 12 14 16 18 20 22 24 26 28
16 12  2  5  6  7  8  9 14 15 19 20 23 27
29 1
32 12  4  6  7  8 14 15 16 18 21 23 26 27
4 10  0  3 11 14 15 16 18 23 25 28
33 11  0  1  3  5  6  7 10 11 13 14 25
2 15  2  4  6  7 10 11 12 16 18 19 20 24 25 26 27
3 20  1  2  3  7 10 11 12 13 14 15 16 18 19 20 21 22 23 25 26 28
8 16  0  1  6  7  8 11 12 13 14 16 18 19 20 21 22 25
16 20  0  2  4  7  8  9 11 13 14 15 16 17 18 20 21 23 24 25 26 27
8 16  0  1  2  3  8  9 14 15 17 18 19 20 21 22 23 26
32 15  1  5  6  7  9 11 12 13 14 15 19 20 21 24 27
1 17  0  1  2  4  6  7  8 12 14 15 18 20 22 24 26 27 28
4 11  2  5  6  7 13 17 19 21 23 27 28
23 16  1  2  3  4  5  7  8 12 16 17 18 20 22 23 27 28
2 14  0  1  2  3  4  7  8  9 10 15 19 20 26 28
10 14  7  8  9 10 11 14 15 16 17 19 21 23 26 28
32 14  0  6  7  9 11 12 15 18 20 22 23 24 25 27
16 17  1  2  4  7  8  9 10 11 14 16 17 19 21 22 24 25 28
20 10  2  8 11 12 14 15 19 23 24 28
6 11  1  5  7  9 13 14 15 16 18 21 26
10 14  2  6  7  9 14 15 16 19 21 22 23 25 26 27
2 16  0  1  3  6  7  8 10 12 13 15 18 20 22 23 26 27
35 15  1  3  6  7  8 11 12 13 16 18 19 21 22 24 28
9 12  4  5  8  9 12 13 14 22 23 24 25 27
27 13 10 12 13 14 15 17 19 20 21 23 26 27 28
2 10  0  2  3  8 10 12 20 21 25 26
33 11  2  4  6 11 14 17 18 19 23 25 28
20 13  0  1  6  9 10 11 13 16 17 22 23 26 28
0 11  3  6  7  8 11 12 13 18 22 25 28
7 13  0  2  4  7 11 13 14 15 16 18 19 21 22
22 13  0  3  4  5  7  8 15 16 18 23 24 25 27
17 1
24 9  1  2  5  6  7 10 12 15 16
20 5  2  5  8 10 15
24 6  3  5  8 11 13 14
29 12  0  1  4  5  6  7  8  9 10 13 14 15
6 6  3  5  6 12 14 16
13 7  1  3  4  8 10 14 15
26 8  2  7  8  9 11 12 13 14
20 4  1  3 11 12
29 12  0  2  4  5  7  9 10 11 13 14 15 16
16 10  0  2  3  4  5  7 10 12 14 16
29 8  1  2  4  7 12 14 15 16
4 9  1  2  3  4  5  8 10 13 15
22 7  0  2  5  6  9 10 15
14 8  1  3  5  6  7  8 12 15
29 6  3  5  7 10 11 15
17 6  1  6  7  9 14 16
36 9  1  2  3  4  5  7  9 12 13
23 0
30 12  2  3  4  5  9 10 11 13 14 16 17 21
32 5  0 11 17 18 20
18 12  1  3  4  5  7  8 16 17 18 19 21 22
23 17  0  1  4  5  7  8  9 10 11 12 13 14 18 19 20 21 22
4 17  0  2  3  5  6  7  8  9 11 12 13 15 16 17 18 21 22
31 13  3  4  6  7  8  9 11 12 13 14 20 21 22
22 15  0  1  3  5  7  8 10 12 13 14 15 16 17 20 22
29 9  2  3  4  5  9 11 12 15 21
13 2  5 22
1 11  1  2  5  7  8 10 12 13 14 15 19
22 11  1  2  3  6  9 11 13 14 15 16 19
3 6  6  8  9 10 20 21
8 10  2  3  5  6 14 15 17 19 20 22
3 16  0  1  3  4  5  6  8  9 10 11 12 14 15 16 17 22
18 15  0  1  3  4  5  6  8  9 10 11 12 13 15 16 22
35 7  0  1  6  7 13 16 18
18 12  2  4  6  7  9 10 12 14 15 17 18 19
20 15  1  2  3  7  9 10 12 13 14 16 18 19 20 21 22
36 17  0  1  2  4  5  6  7  9 10 14 15 16 17 19 20 21 22
19 14  0  1  2  4  7 10 12 13 14 16 17 20 21 22
15 16  0  1  3  5  6  8  9 10 11 12 13 15 16 18 19 21
27 2 0 4
33 13  1  2  4  6  7  8 11 12 14 15 17 18 19
27 1
9 16  3  7  8 10 11 12 14 16 17 18 19 20 21 22 24 25
29 16  3  4  5  6  7  9 10 11 12 13 14 15 18 20 21 25
32 11  1  3  4  5  6 10 12 14 16 18 21
10 14  0  4  6  8  9 11 12 13 15 18 19 21 23 25
33 12  0  2  3 12 13 15 17 18 19 21 24 26
8 14  0  1  4  6  7 12 13 14 17 19 20 21 22 26
1 11  2  5  7  9 12 16 17 19 20 22 25
2 14  1  2  3  4  8 10 13 16 17 18 19 22 24 25
8 16  0  1  2  4  5  7 10 11 14 16 18 19 20 22 23 24
12 13  4  5  6  7 11 12 15 16 18 19 22 24 26
1 14  0  1  6  9 12 13 15 17 18 19 20 21 25 26
25 17  1  2  3  4  5  6  7  9 12 13 15 17 19 21 22 23 26
31 12  0  3  4  6 13 14 15 16 17 20 24 26
1 14  1  3  4  9 11 12 15 17 18 19 22 23 24 26
4 10  2  5  7 13 16 20 21 23 24 26
32 18  0  2  3  4  7  8 10 11 12 13 14 16 17 18 19 20 21 24
32 13  1  2  3  5  6 10 11 13 15 19 23 24 26
18 11  0  1  2  6  9 12 14 16 18 20 24
23 14  0  5  6  7  8 10 11 12 14 16 19 20 22 26
30 15  1  2  4  5  6  8  9 10 11 15 16 21 22 24 26
28 14  2  3  4  5  9 11 12 14 17 18 21 23 24 26
10 13  0  1  2  3  5  9 10 12 13 14 18 19 20
3 9  5  8 10 11 12 13 15 16 26
33 13  0  2  4  6  7  9 10 12 19 20 24 25 26
12 9  0  1  3  4  7  9 17 18 25
32 15  1  2  3  4  5  6  7 12 14 15 16 17 18 22 23
5 11  2  4  5  7 10 14 16 19 21 24 25
13 1
31 4  2  4  9 10
4 1 2
36 2 3 7
3 4 0 5 6 8
30 6  0  1  3 10 11 12
18 2  7 12
8 4  1  4  8 12
31 3  4  8 12
36 3  7  9 10
13 10  0  1  2  3  6  7  8 10 11 12
36 4  0  2 11 12
13 10  1  2  3  4  6  7  8  9 10 12
11 1 7
24 0
24 15  1  2  4  5  6  9 10 12 13 15 16 17 18 21 22
12 12  0  2  4  7  8  9 11 17 18 20 21 23
29 3  0  9 11
16 8  0  5  6 13 14 15 22 23
12 4  2  5  6 22
31 20  0  2  3  4  6  7  8  9 10 11 12 13 15 16 17 18 19 20 21 22
15 16  0  1  2  3  4  5  8 11 12 15 16 17 19 21 22 23
35 9  1  4  5  6 11 14 15 19 22
28 7 11 13 14 17 18 22 23
2 18  0  1  2  3  4  7  8 10 13 14 15 16 17 18 19 20 21 22
12 10  5  7  8  9 11 13 14 17 19 21
16 20  0  1  2  3  4  6  7  8  9 10 12 13 14 15 16 17 18 19 20 22
27 2 16 19
15 14  1  2  3  4  6  7  8  9 10 12 14 15 17 18
25 10  1  3  6  8  9 11 13 16 18 22
22 14  1  3  4  8 10 11 12 13 17 18 19 21 22 23
17 6  0  2  3  7 10 17
26 18  0  1  3  4  5  6  7  9 10 11 12 13 14 18 19 20 21 22
34 9  0  4  7  8  9 10 16 20 22
20 18  0  1  2  4  5  6  7  9 10 11 12 13 14 15 18 20 22 23
29 3 5 8 9
32 6  1  5  9 15 19 20
22 18  0  1  2  3  5  6  7  8  9 10 11 12 13 17 19 20 21 23
29 4  8 12 18 21
19 1
4 6  2  4  6  8 10 18
19 5  0  2  4 10 15
11 5  3  4  7  9 10
34 8  2  6  8  9 10 12 14 17
8 8  0  6  7  8  9 12 14 17
0 2  8 10
19 2  2 14
21 11  3  4  6  8  9 10 12 14 15 17 18
17 12  2  3  4  5  7  9 10 12 14 15 17 18
29 11  2  3  4  6  8 10 12 14 15 17 18
0 8  1  2  3  7 11 13 15 16
0 4  0  7 10 13
23 4  0  1  8 11
25 7  0  3  4  9 15 16 18
35 12  0  1  2  3  4  6  7  8  9 10 12 17
1 6  2  6 12 13 14 18
16 11  1  2  3  6  8  9 10 12 14 15 17
6 2  3 14
23 7  0  5  7 10 11 16 17
17 0
34 3  1 12 15
4 11  2  3  5  6  8  9 12 13 14 15 16
2 5  5  8 10 14 15
29 0 []
19 5  0  3  6  7 12
3 10  0  2  4  7 10 11 12 14 15 16
6 11  0  1  2  4  7  8  9 10 11 13 14
3 10  3  5  6  8  9 10 11 13 14 16
6 6  5  7  9 10 13 16
22 4  2  6 14 16
36 15  0  1  2  3  4  5  6  7  8  9 11 12 13 14 15
4 1 4
8 12  0  1  3  4  5  7 10 11 13 14 15 16
31 6  0  3  7 10 15 16
4 13  0  2  3  4  5  6  7  8 10 12 13 15 16
12 6  3  4  7  9 11 13
19 12  0  2  3  4  5  9 10 11 12 13 14 15
23 1
36 10  2  3  4  5  7  9 10 15 18 21
5 9  2  3  5  7  8 13 16 18 20
6 10  3  6  9 10 13 15 17 18 21 22
15 11  1  4  5  7  8 13 15 17 18 21 22
0 2 1 7
26 15  0  1  3  4  8  9 10 12 13 15 17 18 20 21 22
23 11  3  4  8  9 11 13 14 15 16 17 21
34 11  2  3  4  5  8  9 10 15 17 18 22
22 10  2  3  4  7  9 10 13 15 17 21
26 9  3  7  8 10 15 17 18 21 22
31 6  1 12 13 19 20 21
26 11  2  3  5  8  9 13 16 17 18 21 22
31 8  1  4  5  6  7  8  9 17
33 11  0  3  4  5  6  7 10 11 17 20 22
32 5  8  9 11 15 21
6 4  2  7 18 21
24 13  0  1  2  3  4  6  8  9 12 14 18 19 20
26 9  3  4  6  7  8  9 13 14 21
34 13  2  3  4  5  7  8 10 13 15 16 17 21 22
18 10  0  2  4  5  9 10 14 16 18 21
36 12  4  5  6  7  8 10 11 13 14 17 18 22
18 4  0  4  5 11
17 9  1  2  3  4  5 10 12 13 17
18 1
13 13  2  3  5  6  8  9 10 11 12 13 15 16 17
9 8  0  3  5  6 12 13 16 17
19 6  4 10 11 13 16 17
10 5  0  9 11 12 13
31 9  0  1  3  6  8 10 12 13 16
17 8  1  2  4  6  9 12 14 16
15 1 12
16 12  1  2  3  4  6  8 10 11 12 15 16 17
6 2 0 3
2 6  0  3  4  8 13 16
19 6  0  3  4  6 11 13
18 10  0  2  3  4  7  8 10 12 14 16
8 5  4 13 15 16 17
28 6  2  4 11 12 15 17
23 4 1 5 7 9
8 6  0  1  3 11 13 17
20 4  4 10 11 13
34 11  0  2  3  4  6  8 10 11 12 13 15
12 0
31 6  2  6  7  9 10 11
0 5  3  5  6  9 11
13 4 0 3 7 9
13 0 []
12 10  0  1  2  3  6  7  8  9 10 11
30 3 2 6 9
8 0 []
16 0 []
12 9  2  3  4  5  6  7  9 10 11
27 1 4
27 5 1 2 3 8 9
19 7  0  4  6  7  8  9 10
10 1
16 2 4 6
24 3 3 5 7
34 9 0 1 3 4 5 6 7 8 9
22 2 5 8
29 6 0 1 2 6 7 9
1 1 0
29 8 0 1 2 3 4 5 8 9
23 2 4 6
35 7 0 1 2 3 5 7 9
2 2 4 7
18 1
7 5 3 4 6 7 9
35 7  0  3  4  6 12 15 16
23 5  1  3  4 12 17
12 7  4  5  9 10 13 14 16
15 4  1  3  6 15
34 13  0  1  2  3  4  6  7  8  9 11 12 15 17
23 6  0  2  3  4  7 17
3 4  3  6  8 11
35 11  0  2  4  6  7  9 10 11 12 13 17
9 7  0  2  7 11 13 15 17
15 6  1  7  9 11 12 17
17 12  0  1  2  3  4  6  7  8  9 12 15 17
28 5  1  7 10 11 14
14 4  1  7 10 17
26 5 1 3 4 7 9
2 7  1  3  9 12 14 16 17
10 2 7 8
8 11  1  2  3  4  6  7  8  9 11 12 15
17 0
20 6  2  8  9 11 12 15
13 0 []
12 9  1  4  5  7 10 11 12 14 16
26 11  0  1  2  4  5  6  9 11 12 13 16
10 15  0  1  2  3  5  6  7  8  9 10 11 13 14 15 16
12 10  1  2  3  6  7  8  9 10 13 15
18 14  0  1  2  3  4  5  7  8 10 11 12 13 14 16
28 3  4 11 14
27 2 0 6
36 13  0  1  2  3  4  5  6  7  8 11 13 14 16
22 10  2  3  4  6  7  9 11 14 15 16
8 7  2  3  4  7  9 12 15
27 2  5 13
3 8  1  7  8 10 11 14 15 16
1 9  0  2  3  4  5  9 10 11 12
28 4  3  9 11 16
15 11  0  1  2  3  4  6  8  9 10 12 14
11 1
2 7  1  3  5  6  7  9 10
31 1 3
1 3 0 5 8
7 5  5  6  7  9 10
1 2 6 7
15 5  1  2  3  7 10
29 7  1  3  4  5  7  9 10
14 6  0  3  5  6  9 10
19 3 3 6 9
10 2 1 5
10 1 5
18 1
23 5  3  5 11 12 15
23 6  4  6  7 11 12 16
21 10  0  1  3  5  6  7  8 13 14 16
0 5  0  6  9 10 16
21 11  0  2  3  6  7  9 10 11 13 14 16
31 5  0  1  8 10 11
33 9  0  2  5  8 10 11 13 14 16
25 11  0  1  2  3  5  6  8  9 10 11 13
22 11  0  2  4  5  6  7  9 11 13 14 16
1 3  2 14 16
10 8  1  6  7  8  9 11 13 14
36 4  0  1  8 17
9 5  4  7 11 13 14
24 9 0 2 3 4 5 6 7 8 9
13 13  0  1  2  3  5  6  7  8  9 10 11 13 16
15 4  7 10 14 16
17 6  0  1  2  7  8 14
15 7  1  2  3  9 10 11 13
21 0
12 8  2  4  5  8 10 12 17 18
17 11  0  2  3  4  6  8 11 13 15 16 20
29 12  0  1  3  5 10 13 14 15 16 17 18 19
3 5  5  8 12 18 19
15 11  0  1  2  7 11 13 15 16 17 18 19
24 11  0  1  3  4  6  8 13 16 18 19 20
26 13  0  2  3  4  5  7  8  9 10 11 12 15 20
23 8  2  3  9 10 15 16 17 19
20 7  1  4  9 10 12 15 16
15 14  2  4  5  6  7  8 10 12 13 14 16 17 19 20
26 9  3  4  6 11 13 14 17 19 20
0 11  0  1  2  5  6  7  8 14 16 17 18
22 12  0  1  2  5 10 11 13 16 17 18 19 20
3 10  2  3  4  5  6  8 11 16 18 19
30 3 4 7 9
28 3  6  8 20
4 14  0  1  6  7 10 11 12 13 14 15 17 18 19 20
12 4  7  9 12 18
35 17  0  1  2  3  4  5  6  7  8  9 10 11 12 13 15 19 20
31 17  0  1  2  3  4  5  7  8 10 12 13 14 15 16 17 18 20
19 14  0  1  2  3  5  6  7  8 10 11 15 17 18 19
15 0
1 12  1  2  3  4  6  7  8  9 10 12 13 14
9 12  0  3  4  5  6  7  8  9 11 12 13 14
13 4  1  3 10 12
6 8  0  2  4  5  6 11 12 13
29 2  5 11
22 8  3  8  9 10 11 12 13 14
14 12  0  1  2  4  5  7  8  9 10 11 13 14
24 8  1  3  8  9 10 11 12 13
33 2 7 9
16 7  0  1  2  3  6 10 14
5 7  0  1  6  7 12 13 14
15 4  2  6  8 14
17 11  0  2  3  4  5  7  8  9 10 11 14
33 3 0 7 9
0 14  0  1  2  3  4  5  6  7  8  9 10 11 12 13
10 1
32 6 1 2 3 4 6 8
9 3 3 5 7
1 0 []
22 8 1 2 4 5 6 7 8 9
12 5 3 5 7 8 9
14 4 2 6 7 9
17 1 4
16 5 1 2 4 6 9
28 6 0 1 2 3 5 6
24 8 1 2 3 4 5 6 7 8
23 0
0 14  1  4  5  6  8 10 12 13 14 15 17 19 20 22
6 7  6 12 15 16 17 21 22
21 5  1  4  5  9 13
35 15  0  1  6  7  8  9 10 11 12 14 16 17 19 20 22
29 2 11 13
23 15  1  2  4  7  8  9 10 12 13 14 18 19 20 21 22
25 0 []
34 7  4  5 10 13 15 17 19
15 11  0  3  7 10 11 12 13 16 18 20 21
9 16  0  1  3  4  5  7  8 10 11 12 14 15 16 17 18 21
4 13  1  4  5  6  7  8 11 15 17 18 20 21 22
6 10  0  2  8  9 10 12 13 14 17 22
24 9  0  2  3  6 10 13 16 17 22
26 11  2  3  7  8  9 14 16 18 19 21 22
20 3  2 13 15
23 11  1  3  4  5  7  8 11 12 16 18 20
28 15  0  1  2  3  4  5  8 10 12 14 15 17 19 20 21
28 11  0  1  3  5  7 13 15 16 19 20 21
6 14  0  2  3  4  5  7  9 12 14 15 16 19 21 22
17 9  1  2  3  4  8 15 17 18 22
12 16  1  3  4  5  6  7  9 10 12 13 14 15 16 17 18 21
11 18  0  1  2  4  6  7  8  9 10 12 13 15 16 17 18 19 20 22
6 12  0  4  6  7  9 10 12 13 14 18 19 20
18 1
21 9  5  6  8 10 11 13 15 16 17
13 7  2  9 10 14 15 16 17
32 9  0  3  4  5  6  7  8 10 14
9 9  1  2  4  6  8 11 12 13 16
7 12  0  3  5  7  8  9 10 12 14 15 16 17
15 8  2  8  9 10 12 14 16 17
36 6  0  4  9 11 12 13
35 8  3  4  5  6 11 13 14 17
5 8  0  1  3  4  5  7 14 16
12 5  2  6 11 12 16
28 5  0  2  4  5 17
22 8  1  2  4  6 10 12 14 17
21 14  0  1  3  5  6  7  8  9 11 13 14 15 16 17
2 8  2  4  5  6 10 11 12 15
22 8  0  5  7  8 11 12 15 16
3 9  4  5  7  9 10 12 13 16 17
22 8  1  2  5  6  9 12 13 15
21 10  0  2  3  4  6  7  8  9 12 13
22 0
13 1 2
0 10  0  2  8  9 13 15 16 17 18 19
30 13  0  3  6  9 10 11 12 16 17 18 19 20 21
30 16  0  1  4  5  6  7  8 10 12 14 15 17 18 19 20 21
33 13  0  1  5  6  9 10 11 12 13 15 17 18 20
0 19  1  2  3  4  6  7  8  9 10 11 12 13 15 16 17 18 19 20 21
33 9  0  2  4  5  7  9 10 17 19
13 3  9 10 15
34 8  0  3  4  5  6  9 13 16
12 11  0  4  5 10 11 12 14 15 16 19 20
2 16  0  1  2  4  5  7  9 11 12 13 14 15 16 17 18 19
22 11  0  4  8  9 10 12 15 17 18 19 20
3 5  1  2  9 10 16
36 13  0  3  4  7  9 10 11 12 14 15 16 18 19
31 10  1  3  4  7 10 15 16 18 20 21
13 1 9
33 13  0  1  2  3  6  7  8  9 10 11 13 14 19
34 8  1  2  4  7  8  9 14 15
20 7  1  2  5 10 11 12 13
26 11  3  5  7  8 10 11 12 13 17 18 21
25 8  0  2  3  6  9 11 14 21
28 2  2 17
24 1
35 13  3  4  8  9 12 13 14 15 17 18 19 22 23
25 7  0  6 13 16 17 18 19
1 7  0  4  6  7 10 20 23
1 9  1  5  6 14 15 16 17 18 19
3 8 10 11 13 16 17 18 21 23
19 10  0  1  6  7  9 15 16 20 22 23
32 11  2  3  4  8 12 14 15 16 17 21 23
2 11  0  3  4  6  9 11 15 16 18 20 23
2 13  0  1  3  4  5  6 12 13 15 16 18 21 22
26 8  0  2  4  8 10 11 16 18
4 10  4  7 11 13 15 16 17 19 22 23
3 6  1  3  4 12 16 22
26 10  0  3  4  6  8 11 13 15 19 23
35 14  1  3  4  5  6  8 10 11 12 15 16 18 22 23
32 10  3  4  5  6 12 16 18 19 21 23
35 11  0  8 10 11 13 16 17 18 20 22 23
36 16  0  1  2  3  4  5  6  8 11 13 14 15 18 19 22 23
8 12  0  4  5  6  8 10 11 18 20 21 22 23
20 14  0  1  4  5  6  8  9 11 12 13 14 16 19 21
10 12  0  1  3  4  5  6 11 12 15 16 22 23
8 10  0  1  6  8 10 12 13 18 19 23
30 7  0  3  7  8 16 18 23
4 10  1  5  6  8 10 11 17 19 21 23
21 16  0  1  3  4  6  8 10 11 12 13 15 16 17 19 21 22
21 1
8 12  1  2  3  4  8 10 11 15 17 18 19 20
34 11  2  3  4  5  7 10 12 13 14 16 19
11 4 10 11 13 19
14 10  1  2  7  8 11 13 15 16 19 20
20 7  5  8 10 11 12 13 18
7 11  2  3  7 10 12 13 14 15 17 19 20
7 12  1  2  4  5  8  9 10 11 12 14 17 18
31 5  4 12 14 17 18
8 15  1  2  3  4  5  7 10 11 12 13 14 15 16 18 19
14 7  1  3  5 10 15 16 20
8 12  1  2  3  4  7  8 12 13 14 15 17 20
0 11  3  4  7  9 12 13 14 16 17 18 20
11 12  0  1  4  5  7 10 11 14 15 16 17 18
24 10  2  3  7  8 10 12 14 15 16 20
14 2  2 13
9 5  1  4  9 14 18
9 12  1  3  4  5  7 10 11 12 17 18 19 20
33 10  0  1  6  8  9 10 11 13 16 20
18 7  1  5 12 15 17 19 20
15 10  1  4  8 10 11 14 15 16 18 20
15 12  2  3  4  5  7  8 12 15 16 17 18 19
13 0
26 10  2  3  4  5  6  7  8 10 11 12
32 4 0 2 7 8
34 3  5  9 12
7 9  0  1  2  5  6  7  9 11 12
33 6  2  5  6  7  8 12
0 10  0  2  3  4  6  7  8 10 11 12
34 3  3  4 11
30 7  1  2  3  5  8  9 11
8 9  0  1  4  6  7  9 10 11 12
9 5  0  1  2  6 10
36 5 0 4 7 8 9
5 3  1  7 10
9 6  0  1  3  5  8 11
28 1
31 16  1  2  5  6  7  8  9 11 12 13 14 15 16 19 22 26
32 14  0  2  5  7  8  9 10 16 18 19 21 24 25 26
4 16  0  1  4  5  6  8 11 13 14 15 17 18 19 20 24 26
9 10  0  1  4  8  9 15 17 20 22 24
33 12  0  3  6  7  8 10 13 14 15 17 20 25
31 13  0  1  2  6 11 13 17 20 22 23 24 26 27
26 12  0  1  2  8 13 14 15 17 18 20 22 27
34 13  0  1  2  6  8  9 10 11 13 15 16 20 26
27 14  2  3  4  7  9 10 12 14 15 17 20 21 25 26
12 11  1  2  5  8 14 15 20 21 22 25 27
0 10  0  5  7  8  9 14 16 20 22 24
23 18  0  1  2  3  4  5  6  7 13 15 17 18 19 20 22 23 24 25
36 13  2  4  5  6 11 14 15 16 17 20 22 23 26
26 15  0  1  4  5  8 12 16 17 18 19 20 22 23 24 25
19 12  4  5  6  9 10 11 15 16 21 22 23 25
35 13  1  5  6  9 10 12 16 18 20 22 23 24 27
23 9  4  6  8  9 11 13 14 18 22
35 16  0  1  2  3  4  7  8 10 12 13 14 15 19 23 24 26
13 15  1  2  4  5  6  8 10 11 12 13 14 16 19 24 26
20 14  3  7  9 11 15 16 17 18 21 22 23 24 26 27
19 16  1  2  3  4  5 10 12 13 15 17 18 19 21 22 25 26
20 18  0  2  3  4  5  7  9 12 13 14 15 17 18 23 24 25 26 27
2 15  0  1  2  4  5  6 11 13 15 16 17 19 21 23 24
4 17  0  3  4  5  6  7  9 10 14 15 17 19 20 21 22 25 27
5 9  1  4  7 11 15 16 17 19 22
4 10  0  2  6  9 10 15 19 21 26 27
12 11  3  4  5  9 10 11 14 15 17 20 24
4 15  1  4  5  6  9 10 11 14 15 16 17 20 21 24 26
11 1
24 6  1  4  5  6  7 10
36 3 4 5 7
31 3 0 6 7
3 7  0  1  4  5  7  9 10
15 1 10
5 3  6  7 10
26 7  0  1  2  4  5  8 10
27 6  0  1  4  5  6 10
9 1 7
19 2 0 1
0 4 0 4 6 7
15 0
17 8  1  2  3  6  7  8 13 14
24 11  2  3  4  5  6  8  9 10 12 13 14
35 4  8  9 11 13
6 10  0  6  7  8  9 10 11 12 13 14
33 1 9
34 2  3 14
1 12  1  2  3  4  5  7  8  9 10 11 12 14
34 3  1  9 11
28 9  2  3  4  6  9 10 11 12 14
9 7  0  5  6  7  8 10 12
13 0 []
36 8  2  3  5  6  7  9 10 14
32 8  0  1  3  4  7 11 13 14
35 5  0  6  9 11 12
4 7  1  2  5  7  9 12 13
20 1
24 11  1  2  3  5  6  9 13 15 16 18 19
14 8  0  2  3  4  5 13 15 18
22 8  3  4  5  9 12 13 15 19
36 8  4  5  7  8  9 13 15 16
16 11  1  2  3  8  9 11 12 13 15 16 18
26 9  0  4  8  9 11 13 15 16 19
14 3  4  9 13
32 7  1  2  4  8 11 16 19
7 2  2 17
32 4  4 13 16 18
33 12  0  2  4  5  7  9 11 13 15 16 17 19
14 9  1  2  3  4  5  9 15 16 18
17 12  1  3  5  6  8  9 11 13 15 16 18 19
23 5  1  4 15 16 18
3 5  1 10 13 17 19
16 11  1  2  3  5  8  9 11 13 16 18 19
11 6  1  2  4  5  9 11
28 5  3 11 13 15 18
30 10  1  3  4  5  8  9 11 13 15 19
19 3  1 10 15
18 1
5 7  3  7  9 10 13 16 17
15 5  2  4  5 10 17
8 8  3  5  7 10 12 13 14 16
0 4  5  6 13 14
25 6  0  3  5  8 13 17
26 9  0  1  2  3  8 10 11 15 17
25 6  0  1  8 11 14 15
20 9  2  3  4  6  8  9 10 12 16
8 5  0  1  4  5 13
27 11  1  2  3  4  6  8 12 14 15 16 17
34 12  0  1  2  5  6  7  9 12 13 14 16 17
0 2  1 13
23 6  5  6  7 13 15 17
3 8  0  1  4  6  8  9 15 16
9 4  0  4 12 15
20 5  1  2  4  5 13
30 6  1  2  3 11 14 15
21 14  0  1  2  4  5  6  7  8  9 10 12 13 14 16
27 1
17 7  5  7 13 15 18 24 25
27 21  0  3  5  6  7  8  9 10 11 13 14 15 16 18 19 21 22 23 24 25 26
0 12  1  3  5  8 14 17 18 19 21 23 24 25
7 13  5  6  7  8 10 12 13 15 16 17 23 24 25
21 16  0  1  2  3  7 11 13 14 15 16 17 18 19 21 24 26
32 18  0  1  2  4  7  8 10 11 12 14 15 16 19 20 21 23 24 25
29 12  3  5 11 12 14 15 16 20 21 22 23 25
9 17  0  1  2  3  4 10 12 13 15 17 19 20 21 22 23 24 26
5 8  0  3  9 10 11 18 21 25
25 13  1  2  4  5  6 15 16 18 19 20 21 24 26
18 11  0  1  5  9 11 12 13 16 18 19 20
25 13  0  4  5  6  8  9 13 14 17 18 19 22 25
5 16  1  2  3  4  5  7  9 14 16 17 18 19 20 21 23 26
18 15  0  2  4  5  6  7  8 10 12 14 15 18 21 24 25
13 11  0  3  4  5  6  7 15 19 21 23 25
13 14  1  3  4  6  8  9 13 16 17 18 19 21 23 24
35 15  0  1  3  4  6  7  8  9 10 11 15 17 18 23 26
22 13  1  5  7 11 12 13 16 19 20 21 22 23 25
7 12  2  3  4  5  7  8 12 14 17 21 23 25
20 16  0  1  3  5  7  8 10 12 16 18 20 21 23 24 25 26
20 12  2  3  5  6  7  8 10 11 13 14 15 25
9 11  0  1  3  4  5  6  8 11 15 17 26
29 19  0  1  2  3  4  5  6  8  9 10 11 14 15 17 18 19 23 24 25
35 10  0  1  4 10 11 13 17 19 20 22
2 12  1  2  7 10 11 13 15 16 19 21 23 26
16 12  0  3  4  6  9 10 11 12 15 18 20 24
22 14  0  3  6  7 10 11 12 15 16 17 19 21 22 23
28 1
20 14  1  2  3  5  6  9 12 13 14 17 22 23 25 27
23 12  4  6  7  9 10 13 15 18 19 21 24 27
6 12  0  6  8 12 16 17 18 19 20 24 25 27
8 12  4  6 10 11 12 13 16 17 18 19 20 21
29 13  0  1  3  7 12 13 14 16 17 18 21 22 23
9 7  2  3  4  9 10 11 13
10 14  1  4  5  7  9 10 11 12 13 17 19 24 25 26
2 14  0  1  2  3  9 10 16 18 20 22 23 24 25 27
32 14  0  3  4  6  9 12 13 14 16 17 18 19 21 24
5 11  2  4  6  8 16 17 19 21 22 25 27
19 15  2  3  4  5  6  7  9 11 12 14 15 16 17 18 25
36 11  0  1  6  8  9 10 13 14 15 19 22
19 16  0  2  4  5  8 10 13 14 16 17 18 20 22 23 25 27
27 11  3  9 10 11 12 15 16 19 22 23 25
4 12  0  3  4  5  6  9 11 15 17 18 19 24
9 12  2  3  4  5  6  9 12 13 14 17 24 27
8 14  1  5  7  8  9 10 11 12 14 15 22 23 24 26
26 9  1  3  4  7 11 13 18 19 24
9 12  1  3  5  6  8  9 10 12 20 22 24 26
5 15  0  1  2  3  4  8  9 10 11 14 15 16 22 23 26
35 15  1  2  3  5  9 11 12 13 15 16 17 21 22 23 27
3 11  2  4  6  7 10 11 13 15 20 24 26
13 13  4  6  7  8 10 11 14 17 18 19 21 24 25
16 10  6 10 11 12 15 16 20 21 24 27
19 15  1  2  4  6  7  8  9 11 13 16 17 19 20 22 23
12 10  0  1  7 11 12 13 16 18 26 27
26 11  0  2  5  8 15 18 19 21 23 24 25
7 18  0  2  3  5  8  9 12 13 14 15 17 18 19 21 22 23 24 25
27 0
21 2 10 26
24 8  0  2  6  9 13 20 23 26
23 12  0  3  6  7  8  9 10 17 18 21 22 25
3 14  2  4  5  8  9 10 11 12 13 17 18 19 23 26
25 15  3  5  6  7  8  9 11 12 13 14 16 17 18 19 25
4 10  2  6 10 12 14 19 22 23 24 26
22 18  1  2  3  4  5  7  8  9 10 13 14 16 20 21 22 23 25 26
33 5  1  2 13 17 23
18 20  0  1  2  4  5  6  7  9 12 14 15 16 17 18 19 20 21 22 23 24
22 10  2  8 10 11 12 13 15 22 25 26
32 14  0  2  3  6  8  9 11 12 13 16 17 21 23 24
26 11  5  6  8  9 10 14 17 19 20 24 26
6 15  0  1  2  3  5  7  8  9 10 15 16 19 23 25 26
15 4  4 12 14 18
30 22  0  1  2  3  4  5  6  7  8  9 11 12 15 17 19 20 21 22 23 24 25 26
21 6  0 12 16 19 25 26
36 11  0  1  2  3  6 11 15 18 20 22 23
18 15  2  5  6  8  9 10 11 12 13 18 21 22 23 24 26
6 10  1  4  8  9 10 16 19 22 23 24
25 8  3  4  7 10 13 16 17 21
27 14  1  2  4  6 11 12 14 15 16 18 19 21 25 26
14 19  0  1  2  3  4  5  7  8 11 12 13 15 16 17 18 23 24 25 26
4 11  4  7  8 11 12 14 16 18 20 24 26
14 18  0  1  4  5  7  8  9 10 12 13 16 17 19 21 22 24 25 26
27 10  1  2  5  7 20 21 22 23 25 26
14 17  0  2  3  5  6  7  9 10 16 17 18 19 20 21 22 24 26
18 10  0  1  5 10 11 15 20 23 24 25
20 1
16 11  1  2  3  6  9 10 11 14 16 17 19
35 12  2  4  5  6  8  9 10 11 13 14 17 19
17 5  6  8 12 13 16
10 11  0  1  4  5  8  9 11 12 14 17 19
1 6  1 10 12 13 15 18
30 6  3  7  8 13 17 19
28 13  0  2  3  5  7  8 11 12 14 16 17 18 19
36 13  0  1  2  5  6  8 10 11 12 16 17 18 19
13 16  0  1  2  4  5  6  7  9 10 11 12 13 14 16 17 19
13 12  0  2  3  6  7  8 10 12 13 15 16 17
36 8  1  2  3  7  9 13 14 18
18 6  0  8 10 13 18 19
7 10  1  3  4  5  8  9 13 15 16 18
21 11  0  2  3  4  5  6  9 10 14 16 18
12 8  0  1  3  5  6  7 11 18
10 9  1  3  5  8  9 13 14 16 17
4 9  0  2  3  4 11 13 14 18 19
34 8  0  2  4  5  9 10 12 18
24 7  1  4  6  8  9 10 12
18 10  0  1  6  7  9 11 12 13 16 17
16 1
30 5  3  5  7 10 13
34 8  0  2  4  5  6  9 10 12
33 8  0  3  5  6  7  8  9 14
30 9  2  5  6  7 10 11 13 14 15
34 11  0  1  3  5  6  8  9 10 12 13 14
21 7  1  3  7  8 11 13 15
36 1 7
5 11  1  2  3  4  6  9 10 11 12 13 15
8 8  0  1  2  5  7 12 13 14
25 9  0  1  2  4  5  6 11 14 15
3 8  0  1  3  5  8  9 11 15
7 10  2  3  4  6  7  8 10 12 14 15
22 6  4  8  9 10 11 13
14 2  0 12
33 4  4  5 11 12
26 7  0  3  4  6  7  9 14
19 1
17 12  1  3  6  8  9 10 11 12 13 14 15 18
23 3  9 12 14
20 12  1  3  5  6  7  8  9 10 12 14 15 18
18 8  0  1  5  6  7  9 10 15
4 5  2  5  7 10 12
22 4  6  8 14 18
32 10  0  2  3  4  5  7  8  9 10 14
28 4 1 2 3 8
25 8  1  3  5  6  7  9 12 14
35 10  0  1  2  6  7  8 12 15 16 17
5 8  1  3  5  6  7  8 12 15
2 11  0  1  3  5  7  8  9 10 12 14 15
24 11  0  3  4  6  8 10 11 13 16 17 18
8 9  3  5  6  7 10 15 16 17 18
12 10  0  1  3  5  6  7  8 10 12 15
23 7  0  1  6  7  9 14 17
30 3  9 12 15
11 3  3  4 18
31 10  2  4  5  8 10 11 13 14 15 17
10 1
19 2 1 4
8 8 0 2 3 4 5 6 8 9
25 4 0 3 5 6
7 2 7 9
8 5 0 3 5 6 8
14 3 3 4 9
32 1 7
25 8 0 1 2 4 5 6 8 9
2 4 2 3 6 9
34 8 0 1 2 3 4 5 6 8
14 1
23 4  4  5  7 12
32 3  0  4 11
1 2  6 10
11 9  0  1  4  5  6  7 10 11 13
32 8  1  2  5  6  8 10 11 12
19 6  0  1  4 10 11 12
33 8  1  4  5  7 10 11 12 13
10 4  0  2  4 12
26 5 0 1 4 7 9
0 8  0  2  4  5  7 10 12 13
11 3  0  6 12
7 9  0  1  3  5  6  7 10 12 13
10 2 1 5
21 9  0  1  4  5  6  7 10 11 12
18 1
21 14  1  2  4  5  6  7  8  9 10 11 13 14 15 17
3 3  0  3 12
1 1 4
36 8  2  4  5  8 11 14 15 17
19 2  3 11
11 8  1  2  3  6  8  9 10 14
9 10  1  2  3  7  8  9 10 11 14 15
30 4  4 10 11 17
4 5  3  4  6  9 17
21 9  1  3  5  6  7 13 14 15 17
12 4  6  8 14 17
3 7  0  1  3  4  7  8 15
15 11  2  4  5  6  7  8  9 13 14 16 17
26 7  2  8 10 11 14 15 17
27 12  1  2  3  4  5  6  7  8 10 11 13 17
35 8  1  2  3  4 10 11 12 13
33 12  1  2  3  5  6  8  9 10 11 13 14 17
8 5  1  6  7 14 15
16 1
26 5  1  5  8 10 13
29 12  2  3  4  5  6  8  9 10 11 13 14 15
12 3  6  9 14
4 5  2  6  7 13 14
34 8  0  1  2  5  7  9 11 12
22 4  1  3 12 15
12 3  2  9 15
18 13  0  1  3  4  6  8  9 10 11 12 13 14 15
11 9  0  3  4  5  6 10 13 14 15
2 1 12
31 9  0  1  4  5  7  8  9 11 15
36 2 12 15
26 6  0  5  7  9 11 13
9 5  1  5  7 10 12
29 12  0  1  2  3  4  7  8  9 10 11 12 15
14 6  0  3  4  5  6 12
27 0
6 11  2  3  7  9 11 12 13 16 17 20 24
34 12  4  6  7  9 11 12 13 16 18 23 25 26
33 10  0  4  6  8  9 12 14 19 21 23
33 17  0  1  2  4  5  6 10 11 12 13 15 17 20 21 22 25 26
14 19  0  2  3  6  7  8  9 10 12 14 16 18 19 20 21 22 23 24 26
0 19  0  1  2  3  6  7  8  9 10 13 14 15 17 19 20 21 22 23 25
6 11  1  2  3  5  8 11 12 15 19 21 22
10 13  0  1  2  6  8 10 15 16 17 18 19 23 26
26 17  0  1  2  5  6  7 10 11 15 16 17 18 20 21 23 24 26
36 18  0  1  2  3  5  6  7  8 11 12 14 15 16 17 18 20 21 25
7 22  0  1  2  3  4  6  7  8  9 12 13 14 16 17 18 19 20 21 22 24 25 26
27 6  6 12 13 21 22 24
16 13  1  2  3  7  8  9 11 13 15 19 20 22 24
23 12  2  7 10 12 14 15 16 19 20 22 23 26
23 17  1  2  5  7  8  9 10 11 12 13 15 17 19 20 23 24 26
5 6  3  4  8 10 14 26
28 15  0  3  5  8 10 13 14 15 17 18 19 20 21 22 25
13 10  1  2  3  7 15 16 19 20 24 26
4 9  4  5  8 10 12 16 19 23 24
33 17  0  1  3  5  7  9 12 13 15 16 20 21 22 23 24 25 26
18 12  2  4  5  6  9 10 13 14 16 17 21 23
4 14  0  1  2  4  6  7  8 10 13 17 18 24 25 26
18 10  1  5 10 14 17 18 20 21 23 24
18 16  0  1  2  3  5  6  7  9 11 13 15 16 18 21 22 25
31 18  2  3  4  5  7  8  9 10 11 12 15 16 17 18 19 21 22 26
29 1 0
5 3  5  9 22
21 0
29 0 []
11 13  2  3  4  5  6  8  9 10 12 13 14 16 19
10 6  3  4  5  8  9 10
20 11  0  1  2  7 10 11 12 15 16 17 18
15 13  2  3  6  7  8  9 10 11 13 14 15 17 20
23 15  0  1  2  3  4  7  8  9 11 12 14 15 18 19 20
20 9  2  3  7  8 10 12 14 19 20
24 16  1  2  3  4  5  6  9 10 11 12 13 15 16 18 19 20
5 6  3  4  7 13 18 19
34 7  1 10 12 13 16 17 20
27 1 20
36 16  1  2  3  4  7  8  9 10 12 14 15 16 17 18 19 20
4 10  1  2  7  8  9 10 14 16 17 19
35 10  0  1  5  9 12 14 15 17 18 19
7 11  0  1  6  7  8 10 11 17 18 19 20
23 5 3 4 6 7 9
7 7  2  5  9 11 14 15 19
22 17  0  1  2  3  4  6  8  9 11 12 13 14 15 16 18 19 20
28 5  2  5  6 16 19
7 13  0  2  4  6  7  8  9 10 13 14 16 17 18
2 4  0  1  6 11
22 1
34 12  3  5  6  8  9 11 12 14 15 17 18 19
32 10  2  5  6  7 12 16 18 19 20 21
28 8  5  7  8 11 12 15 17 21
7 9  0  2  4  7  8  9 12 16 19
19 15  0  1  2  3  5  6  7  8  9 12 13 15 16 20 21
21 9  0  7  9 10 14 15 16 18 21
4 7  0  4  9 10 12 16 21
27 8  0  6 10 12 13 16 19 20
13 6  0  1  4  9 10 13
20 14  1  2  3  4  5  6 10 11 14 15 17 19 20 21
19 9  1  5  7  9 12 15 17 20 21
5 8  0  1  3  5  7  9 13 15
35 8  1  5  6 13 17 18 19 20
34 14  2  3  4  5  6  7  8 10 11 14 16 19 20 21
8 14  0  1  2  5  6  7  8  9 10 12 13 17 18 20
7 11  1  2  3  7 10 11 12 14 16 18 21
36 9  3  5  6  7 10 11 13 18 21
14 9  1  6  7  9 14 16 18 19 21
30 8  2  3  8 10 11 12 17 21
12 10  1  3  5  8 10 11 12 13 15 16
21 10  0  1  2  9 10 11 16 17 18 19
30 8  2  3  6  7  8 11 16 20
18 1
8 9  2  6  7  9 10 14 15 16 17
30 7  4  8 10 11 13 15 16
18 5  0  1 11 14 16
21 13  0  1  2  4  5  6  8  9 12 13 14 15 17
27 13  2  3  5  6  8  9 10 11 12 13 14 16 17
7 8  2  4  6  7 11 13 15 17
19 4 1 2 3 8
27 11  3  4  5  6  8  9 13 14 15 16 17
32 11  0  1  4  6  7  9 11 12 13 14 16
22 7  0  4  5  6  8 10 17
8 9  0  3  4  5  8 12 13 15 16
1 4  1  5 13 15
36 5  3 11 13 16 17
8 10  0  6  7  8 10 11 12 15 16 17
0 3 3 5 8
21 10  2  3  4  5  6  7 10 12 13 14
15 11  0  2  3  6  7  9 10 11 12 14 17
0 7  5  6  7  8 10 13 14
25 0
23 21  1  2  3  4  5  7  8  9 10 11 12 13 14 16 17 18 19 21 22 23 24
31 19  2  4  5  6  7  8  9 11 12 13 14 16 17 18 19 20 21 22 24
7 10  0  1  4  5  9 14 15 17 23 24
9 18  1  2  5  7  8  9 10 11 12 13 15 16 18 19 20 21 22 24
22 14  1  2  3  6  7  8 10 12 13 16 21 22 23 24
24 12  2  4  6  8  9 11 14 16 18 19 23 24
20 11  0  2  3  4  8  9 10 11 15 19 24
31 9  1  2  3  6  9 20 21 22 24
28 12  1  2  3  5 11 13 15 17 20 21 22 24
3 15  2  4  5  6  7 10 11 12 14 16 18 19 21 22 24
31 24  0  1  2  3  4  5  6  7  8  9 11 12 13 14 15 16 17 18 19 20 21 22 23 24
33 8  5 10 12 13 14 16 18 19
10 13  4  5  7  9 10 11 13 15 16 17 18 22 23
20 11  5  6  7  8  9 11 12 16 17 18 22
32 12  0  2  4  5  6 13 15 16 19 21 22 23
25 10  1  2  4  5  8  9 12 19 22 23
19 12  0  6  7  8 10 12 14 17 20 21 23 24
1 13  0  3  4  6 12 13 14 15 18 20 21 23 24
21 7  3  4  5  7 14 15 20
35 3  1  2 17
1 18  1  2  4  6  7  8  9 10 11 13 15 16 17 18 19 22 23 24
8 7  2  3  9 10 18 20 24
14 5  0 10 11 13 17
8 14  2  3  6  8 10 11 12 13 14 15 16 20 21 24
29 1 23
29 0
2 17  2  3  4  6  7  9 12 13 14 16 18 19 21 22 23 27 28
12 3  7 12 21
31 18  0  1  3  4  8  9 11 12 13 16 17 18 19 21 22 23 27 28
9 10  4  6  7  8  9 10 14 15 23 26
22 9  5  6  8  9 10 19 20 23 28
5 14  0  1  4  7  8  9 10 11 12 15 21 22 24 28
7 13  0  2 12 13 14 16 17 18 20 21 22 23 25
26 13  0  2  3  4  5  6 10 14 16 17 18 24 27
25 10  0  5  7  9 10 14 17 18 21 22
26 13  1  5  8 10 11 12 20 22 23 25 26 27 28
8 11  0  1 11 13 17 18 19 20 25 26 27
3 19  0  1  2  3  4  6  7  8  9 10 12 13 15 16 17 18 19 22 24
24 22  0  1  2  3  4  5  6  7  8 11 13 14 15 16 18 19 20 21 22 23 26 27
7 2  8 10
34 12  0  3  6  8  9 10 15 16 18 24 25 27
15 13  1  3  4  5  9 10 20 21 22 24 25 26 28
2 13  2  3  4  5  9 10 12 18 19 21 22 25 26
34 2 12 27
30 2 10 28
22 19  0  1  2  4  5  6  7  8  9 10 11 12 15 17 18 21 23 24 27
10 10  3  4  7  8 10 13 16 19 22 24
18 13  3  4  6  7 11 12 13 14 15 16 18 20 27
6 21  1  2  3  4  5  6  7 10 11 12 13 14 15 16 18 20 21 24 25 27 28
12 10  1  2  7  8  9 10 12 16 20 26
27 7  9 10 11 13 14 21 26
25 10  2  4  5  9 10 15 18 19 23 24
31 14  0  2  3  8 10 11 14 16 19 20 21 23 24 28
10 14  0  3  4  5  6  8  9 11 13 16 19 25 26 28
10 18  1  4  5  6  7  8 10 11 12 15 16 17 18 20 21 22 23 25
16 1
3 7  1  2  9 10 13 14 15
20 6  5  7  9 11 14 15
18 6  1  5  7 10 12 15
18 2 1 5
35 8  0  1  2  9 10 12 14 15
15 5  4  6  7  9 12
15 7  2  9 10 12 13 14 15
2 10  0  1  2  4  9 10 12 13 14 15
6 5  0  2  5 13 14
13 8  0  1  2  5 12 13 14 15
14 6  0  1  5 12 13 15
4 3  5  8 15
14 2  2 13
8 7  0  1  2  5  9 10 12
20 6  3  5  6 10 13 15
22 5 0 1 2 3 6
